0.125865 63
20.176496 1
0.164431 1
1.447871 1
0.497215 4
0.134133 1
0.184718 1
0.152599 1
0.109429 1
1.950317 1
0.154690 1
0.128498 1
0.033210 1
0.439315 1
2.205831 4
0.175196 4
0.161922 4
0.573968 1
0.213134 1
1.587261 1
0.535440 2
0.005359 63
1.898971 1
0.053001 1
0.917779 1
0.568476 1
0.256725 5
0.436815 77
1.651736 1
0.109282 1
0.689300 1
0.153595 1
0.142682 1
1.009811 1
0.354744 1
0.291445 1
0.178701 1
0.302028 1
1.074382 1
0.669454 4
0.205496 4
0.158473 4
0.180494 4
1.699207 1
0.188734 1
0.778801 1
0.153697 1
0.909272 1
1.264211 4
2.319834 2
0.005060 75
1.303404 1
0.069876 1
0.219351 1
0.931073 5
0.444216 87
1.668115 1
0.257599 1
0.261784 1
0.136702 1
0.393995 1
0.181706 1
5.708179 1
0.097408 1
0.222288 1
0.365627 1
0.804846 1
0.231035 1
0.312870 1
0.124465 1
0.136806 1
0.707768 2
0.004023 85
1.537738 15
0.203033 27
0.806310 18
1.155801 4
0.142710 1
0.404891 2
0.004953 85
0.527761 10
0.176368 25
0.490757 27
1.116385 1
0.255068 7
0.124431 3
0.497794 97
1.240319 8
0.232836 18
0.386691 25
0.681686 1
0.192720 1
0.168577 1
0.216064 1
0.310148 13
0.181917 9
0.489587 2
0.003549 95
0.415932 15
0.175624 27
0.181560 18
1.671308 4
0.185842 1
0.201756 2
0.004592 95
0.895548 10
0.189672 25
0.891127 1
0.191325 1
0.163556 1
0.160515 1
0.307617 13
0.127688 9
0.288992 2
0.003556 95
0.471984 15
0.165624 29
0.165649 25
0.618365 27
4.605097 1
0.495993 7
0.152528 3
1.731824 3
0.252556 4
0.502727 4
0.031126 4
0.029950 4
0.032185 4
0.031566 4
0.030897 4
0.032862 4
0.031943 1
0.031307 1
0.031479 1
0.031929 1
0.030696 1
0.033804 1
0.031339 1
0.177427 1
0.181956 1
0.220919 1
1.012700 1
0.235372 4
1.850641 1
0.236874 5
0.410051 2
0.003636 95
1.328212 13
0.785320 28
0.535982 29
0.404503 25
0.412172 27
0.536591 1
0.597863 7
0.177755 3
0.304837 107
1.954898 1
0.579830 4
0.320104 8
0.173810 21
0.172427 28
0.851547 2
0.003798 105
0.536875 15
0.159656 27
0.216140 21
0.857442 25
0.621428 1
2.179710 20
0.278735 28
0.564715 29
1.216268 4
0.196830 1
1.521539 2
0.004372 105
1.522392 10
0.286608 25
1.148671 27
1.532093 1
0.729852 7
0.182376 3
1.828507 117
0.988015 8
0.275699 18
1.758119 25
0.787847 1
0.220221 1
0.171572 1
0.183419 1
0.441627 13
0.171467 9
0.184479 2
0.003786 115
0.433585 15
0.184422 27
0.168522 18
0.651713 25
0.524434 27
0.418864 21
0.479294 28
0.498419 29
0.490411 25
0.510401 27
0.359737 18
0.173419 25
0.456874 27
0.161091 18
0.570391 22
0.172635 23
0.203510 29
0.187022 22
0.249259 23
0.808814 1
0.175422 1
0.178985 1
0.178527 1
0.495417 13
0.176829 9
0.404771 9
0.372895 2
0.003558 115
11.225798 1
0.072354 1
1.427784 1
0.265225 1
0.130875 1
0.175229 107
0.358079 1
0.057259 1
0.755702 1
0.121104 1
0.152315 1
0.289637 97
0.379467 1
0.095254 1
0.584285 1
0.170286 1
0.138761 1
0.191342 87
0.365798 1
0.069661 1
0.330929 1
0.236906 1
0.112530 1
0.551022 77
2.156129 1
0.068285 1
0.230910 1
0.193719 1
0.578472 2
0.008777 14
0.000187 2
0.000356 27
0.000167 2
0.000265 31
0.000121 2
0.000212 39
0.000112 2
0.000451 47
0.000132 2
0.000153 48
0.003954 2
0.000101 47
0.000120 2
0.000074 39
0.000570 2
0.000076 31
0.000115 2
0.000068 23
0.000042 2
0.000052 2
0.000231 22
0.000084 2
0.001512 75
9.338037 1
0.534671 1
0.216842 1
1.203855 1
0.099173 1
1.075605 1
1.096084 1
0.433819 1
1.161590 4
0.415132 4
0.642853 1
0.555540 1
1.544473 1
1.229249 4
0.379671 1
0.760223 4
3.860486 1
0.162788 1
0.205935 1
1.087061 1
0.312705 1
0.765596 1
0.725506 4
0.266099 1
0.537466 5
0.769846 1
0.748393 1
0.119505 4
0.854981 1
0.110630 4
0.803066 1
0.109798 4
1.888590 1
0.215372 5
1.676658 1
1.147351 1
0.274649 1
0.126289 1
0.130497 1
2.520086 2
0.005027 75
11.537914 1
0.242827 1
0.251442 1
0.233206 1
0.253418 1
1.565395 49
0.663415 1
0.502358 1
0.034006 1
0.032755 1
0.033136 1
0.030243 1
0.032097 1
0.031192 1
0.032026 1
0.030828 1
0.032050 1
0.029927 1
0.033071 1
0.032720 1
0.029970 1
0.031151 1
0.034337 1
0.031627 1
0.033455 1
0.033738 1
0.033891 1
0.034176 1
0.031651 1
0.029999 1
0.033811 1
0.034207 1
0.030588 1
0.034395 1
0.030409 1
0.030941 1
0.034367 1
0.032456 1
0.031404 1
0.030440 1
0.032101 1
0.033912 1
0.032242 1
0.030940 1
0.369410 1
0.332718 126
0.199034 123
0.161859 118
0.175714 117
0.493146 114
0.467448 113
0.174862 116
0.357553 119
0.216088 122
0.209901 125
0.216024 128
2.138318 2
0.004045 75
1.782316 1
0.112474 1
0.224343 1
0.187910 1
0.267767 2
0.003126 14
0.000143 2
0.000255 27
0.000212 2
0.000203 35
0.000111 2
0.000189 43
0.000109 2
0.000188 51
0.000173 2
0.000178 51
0.000107 2
0.000124 43
0.000102 2
0.000120 35
0.000103 2
0.000120 27
0.000226 2
0.000146 95
0.000103 2
0.000110 2
0.000111 22
0.000100 2
0.004193 75
55.411428 1
0.158340 1
1.203692 4
0.185976 4
0.159669 1
0.067544 1
0.195312 1
0.793996 4
0.179067 1
0.425102 1
0.217287 1
0.448486 1
0.286717 1
0.437949 4
0.140333 5
0.472783 87
1.211767 1
0.164527 1
0.111621 1
0.290314 1
1.898323 1
0.202785 1
0.829961 4
0.225058 4
0.192104 4
0.179894 4
0.158630 1
1.811589 1
0.260242 1
0.760642 1
0.089723 1
0.835689 1
0.224036 1
0.197699 1
0.105522 1
0.143722 1
0.494501 4
0.501285 4
0.031478 4
0.030593 4
0.030778 4
0.031141 4
0.031666 4
0.030940 1
0.031894 1
0.030760 1
0.032409 1
0.032021 1
0.030401 1
0.030892 1
0.031138 1
53.330400 1
0.189558 1
0.072318 1
0.163903 1
0.887559 2
0.003111 14
0.000160 2
0.000280 27
0.000226 2
0.000280 35
0.000115 2
0.000189 43
0.000112 2
0.000140 43
0.000201 2
0.000178 35
0.000151 2
0.000140 27
0.000106 2
0.000127 19
0.000106 2
0.000374 2
0.000153 22
0.000109 2
0.000789 85
1.772524 4
0.147860 12
0.211937 16
0.373233 49
1.360744 211
0.180371 92
0.624980 9
0.400907 21
0.145403 13
0.363747 27
0.211200 18
1.896958 25
0.191382 27
1.325181 4
0.718630 4
0.150458 4
0.191007 4
0.496462 4
0.585047 5
0.415168 5
0.652847 1
1.259464 117
2.345665 1
1.195451 1
0.524585 4
0.251032 1
0.268388 1
0.196054 1
0.282371 1
0.120619 1
1.167638 1
0.243503 9
0.980246 1
0.192071 1
0.172785 1
0.177295 1
0.204237 1
0.163684 5
1.684612 2
0.004019 115
1.480523 1
0.050965 1
0.258529 1
0.348447 1
0.119653 1
0.307043 107
0.274578 1
0.116844 1
0.389036 1
0.207512 1
0.108514 1
0.261963 97
0.295964 1
0.046894 1
0.368932 1
0.171750 1
0.406974 4
0.166851 4
0.210008 1
0.466284 1
0.110290 1
0.217907 87
0.306583 1
0.045206 1
0.323825 1
0.178745 1
0.139494 1
0.988775 4
0.502295 4
0.031104 4
0.031395 4
0.033591 4
0.031845 1
0.031172 1
0.030974 1
0.030493 1
0.030889 1
0.031987 1
0.030942 1
0.031388 1
0.033836 1
0.031685 1
0.030838 1
0.031776 1
4.759441 5
0.142198 22
0.139778 35
0.125436 25
0.420737 12
0.126851 16
0.406464 49
0.201408 211
3.248506 2
0.003931 85
3.625585 1
0.275094 1
0.206279 1
0.189784 1
0.225091 4
0.671587 97
1.830085 8
0.161490 52
0.462756 1
0.502795 1
0.030103 1
0.032029 1
0.030655 1
0.030552 1
0.031092 1
0.030782 1
0.031277 1
0.030721 1
0.030832 1
0.030272 1
0.034878 1
0.033259 1
0.031206 1
0.031964 1
0.033745 1
0.033233 1
0.033590 1
0.030906 1
0.032153 1
0.033883 1
0.030653 1
0.033910 1
0.030936 1
0.030331 1
0.033111 1
0.032279 1
0.031998 1
0.030742 1
0.030991 1
0.032729 1
0.031080 1
0.033859 1
0.030791 1
0.030642 1
0.030470 1
0.033225 1
0.034746 1
0.633814 156
0.144483 153
0.144761 148
0.371746 3
0.503900 3
0.030860 3
0.030838 3
0.031087 3
0.031158 3
0.033187 3
0.030426 3
0.031514 3
0.030448 3
0.030748 3
0.030910 3
0.031128 3
0.034212 3
0.033692 3
0.032516 3
0.033661 3
0.030164 3
0.030611 3
0.034279 3
0.030768 3
0.034112 3
0.033738 3
0.031836 3
2.226217 3
0.194401 3
0.129762 3
0.146860 3
0.170934 3
0.379036 25
0.151656 25
0.157803 25
0.149726 25
0.267611 25
0.204115 3
0.189537 3
0.171707 3
0.139354 3
0.143600 3
0.383340 15
1.106319 3
0.174669 13
0.725668 9
1.210102 2
0.003381 95
3.925030 1
0.204593 1
0.258083 1
0.211553 5
0.615870 107
0.443570 8
0.423307 43
0.280351 1
0.502321 1
0.030996 1
0.030471 1
0.033695 1
0.033946 1
2.060254 3
0.273648 3
2.151869 1
0.509451 1
0.032234 1
0.032382 1
0.031289 1
0.032542 1
0.201167 1
0.366306 3
1.408522 23
1.031947 21
0.201381 21
0.158970 21
1.053939 21
0.162716 3
0.501144 3
0.030149 3
0.312862 3
0.173731 3
0.174509 3
3.759350 13
1.765262 9
4.511759 2
0.003420 105
1.133430 1
0.050015 1
2.288752 65
6.829018 1
0.056318 1
0.227915 1
0.167756 1
0.910156 4
0.164951 4
0.161940 4
0.163710 4
0.130245 1
0.538623 1
0.146741 1
0.194060 1
0.172000 1
54.059552 2
0.003372 14
0.000182 2
0.000358 37
0.000125 2
0.000682 30
0.000118 2
0.000168 32
0.000112 2
0.000160 32
0.000110 2
0.000126 18
0.000261 2
0.000286 31
0.000163 2
0.000133 18
0.000115 2
0.000065 17
0.000139 2
0.000238 28
0.000060 2
0.000103 29
0.000055 2
0.000120 28
0.000058 2
0.000130 31
0.000055 2
0.000080 26
0.000274 2
0.000124 31
0.000045 2
0.000065 16
0.000041 2
0.000090 29
0.000042 2
0.000135 35
0.000043 2
0.000064 29
0.000041 2
0.000185 28
0.000057 2
0.000067 36
0.000041 2
0.000061 26
0.000041 2
0.000123 28
0.000043 2
0.000145 35
0.001656 2
0.000164 39
0.000051 2
0.000308 47
0.000050 2
0.003980 55
0.000228 2
0.000241 56
0.000115 2
0.000129 55
0.000106 2
0.000128 47
0.000219 2
0.000232 47
0.000118 2
0.000128 39
0.000106 2
0.000066 39
0.000106 2
0.000067 31
0.000094 2
0.000142 94
0.000118 2
0.000071 26
0.000106 2
0.000066 26
0.000041 2
0.000061 26
0.000105 2
0.000066 26
0.000041 2
0.000061 26
0.000157 2
0.000120 32
0.000112 2
0.000071 30
0.000041 2
0.000117 30
0.000417 2
0.000314 30
0.000194 2
0.000124 30
0.000082 2
0.000080 30
0.000151 2
0.000177 30
0.000097 2
0.000132 29
0.000133 2
0.000137 2
0.000081 24
0.000049 2
0.001009 63
5.360666 1
0.079321 1
0.427876 1
0.980543 1
0.259730 5
0.654449 77
1.492622 1
0.118938 1
0.168194 1
0.160051 1
0.222197 2
0.003067 14
0.000148 2
0.000450 27
0.000178 2
0.000301 31
0.000178 2
0.000674 39
0.000134 2
0.000250 47
0.000184 2
0.000151 48
0.001864 2
0.000209 47
0.000140 2
0.000164 39
0.000137 2
0.000160 39
0.000325 2
0.000152 31
0.000120 2
0.000136 31
0.000118 2
0.000136 23
0.000218 2
0.000161 86
0.000130 2
0.000057 2
0.000068 22
0.000042 2
0.000791 75
44.820237 1
0.146468 1
0.371530 1
0.720446 1
0.244751 1
0.925070 1
0.252946 1
0.731339 4
0.502299 4
0.029678 4
0.030176 4
0.033183 4
0.031934 4
0.031574 1
0.031990 1
0.031753 1
0.031937 1
0.032162 1
0.031282 1
0.030288 1
0.030972 1
0.030825 1
0.647463 1
0.078311 1
0.196801 1
0.304470 1
0.173492 4
0.750124 2
0.000489 85
0.854778 1
0.146156 1
0.094969 1
0.118000 1
0.962856 1
0.196972 4
2.004435 1
1.078320 1
1.242728 1
2.847716 1
0.091239 1
1.205107 4
0.147600 4
1.006709 1
0.127438 1
0.136666 1
0.560642 2
0.006560 8
0.000190 32
0.001298 69
0.000259 22
0.000711 1923
1.454864 8
0.507854 16
0.010114 13
0.139823 13
0.165253 13
0.061260 13
0.087403 13
0.225027 13
0.024226 13
2.178415 9
0.566680 38
1.724017 1
0.087675 1
0.623883 27
0.001140 29
0.000199 2
0.000046 2
0.000041 15
0.000051 23
0.004935 85
3.634822 1
0.174854 1
0.311317 1
0.249763 16
1.235726 1
0.501161 1
0.030372 1
0.033500 1
0.030722 1
0.030894 1
0.029936 1
0.031185 1
0.032807 1
0.030942 1
0.333519 1
0.463890 27
0.173218 27
0.123446 23
0.084249 23
0.307373 23
0.295107 2
0.003075 8
0.000159 2
0.000769 85
3.006557 14
0.570436 1
0.502189 1
0.030513 1
0.031988 1
0.032548 1
0.031121 1
0.030606 1
0.032921 1
0.031953 1
0.030745 1
0.346327 1
0.246188 3
1.327159 43
0.180268 25
0.443777 16
0.550500 13
0.264509 17
0.273059 10
0.376786 42
0.168484 96
0.423721 48
0.336039 1
0.500986 1
0.031757 1
0.031933 1
0.030070 1
0.030057 1
0.034193 1
0.030654 1
0.030874 1
0.110548 3
0.196926 3
0.207175 3
0.155767 3
0.171382 3
0.253360 9
0.110408 1
0.501629 1
0.032254 1
0.030586 1
0.030916 1
0.032944 1
0.032898 1
0.030908 1
0.033254 1
0.031637 1
0.032948 1
0.033739 1
0.030911 1
0.030829 1
0.032561 1
0.031100 1
0.031799 1
0.034960 1
0.030892 1
0.033302 1
0.031880 1
0.032590 1
0.031198 1
0.030582 1
0.031871 1
0.030522 1
0.030854 1
0.031706 1
0.031202 1
0.033264 1
0.030931 1
0.031117 1
0.034146 1
0.031847 1
0.192679 1
0.468329 132
0.165461 129
0.206959 128
0.069526 131
0.684291 134
0.380649 2
0.003580 8
0.000421 2
0.001340 85
7.532714 1
0.379736 1
0.925679 1
1.632219 1
1.050635 4
0.720322 1
1.060632 1
0.140845 4
0.628882 1
0.119754 4
1.249767 1
0.243364 5
1.881622 1
0.283454 1
0.118768 1
0.112301 1
3.018021 2
0.003762 85
1.267442 1
0.156683 1
0.731443 4
0.189113 4
0.093190 1
0.041420 1
0.131795 1
0.171714 1
0.317156 2
0.003658 14
0.000178 2
0.000331 27
0.000145 2
0.000270 35
0.000115 2
0.000201 43
0.000113 2
0.000232 44
0.000113 2
0.000127 35
0.000105 2
0.000123 35
0.000117 2
0.000066 27
0.000041 2
0.000060 27
0.000041 2
0.000100 19
0.000119 2
0.000083 82
0.000474 2
0.000058 2
0.000055 22
0.000040 2
0.000689 85
18.693754 1
0.221702 1
0.318607 1
0.269434 1
0.274460 1
2.046643 1
1.762169 1
1.056900 1
0.200995 1
0.242210 1
0.165912 1
1.895828 1
0.736502 4
0.160824 4
0.188324 1
0.409241 1
0.636309 1
0.507147 1
0.135273 4
0.457929 1
0.154384 4
1.121127 4
0.172081 4
0.183230 4
0.176752 4
0.172651 4
0.165895 4
2.779971 1
0.437314 1
0.166034 4
1.433434 1
0.325911 1
0.441744 1
0.097661 1
0.109439 1
1.572123 2
0.003698 85
2.331734 1
0.080494 1
0.122586 1
0.254080 1
0.443018 2
0.003038 14
0.000147 2
0.000418 27
0.000124 2
0.000217 35
0.000113 2
0.000188 43
0.000232 2
0.000148 44
0.000108 2
0.000128 35
0.000106 2
0.000124 27
0.000106 2
0.000202 27
0.000114 2
0.000127 19
0.000105 2
0.000140 82
0.000106 2
0.000113 2
0.000113 22
0.000186 2
0.000680 85
3.703920 4
0.244092 30
1.925184 33
0.470186 1
0.603284 3
0.344839 4
0.180007 4
0.170934 4
0.173635 4
0.185029 1
0.159742 1
1.171481 1
0.274435 1
0.143712 1
1.444831 1
0.207294 4
0.870763 1
0.152032 4
0.256157 1
0.116097 4
1.574571 1
0.183203 10
2.686380 2
0.006687 85
0.737072 1
0.044944 1
0.167888 1
0.187939 1
0.304274 2
0.003029 14
0.000147 2
0.000360 27
0.000121 2
0.000196 35
0.000112 2
0.000189 43
0.000194 2
0.000139 35
0.000106 2
0.000125 27
0.000106 2
0.000122 27
0.000105 2
0.000122 19
0.000187 2
0.000180 95
0.000109 2
0.000114 2
0.000115 22
0.000104 2
0.001549 85
4.154432 1
0.051176 1
0.560194 65
2.285748 1
0.049086 1
0.246948 1
0.427072 1
0.220753 5
0.593633 77
3.708168 1
0.244180 1
0.195796 1
2.488949 1
0.814794 1
0.217976 1
0.379875 1
0.331476 4
0.996997 4
0.616604 2
0.011253 75
0.995875 1
0.126299 1
0.325624 1
0.234998 1
1.668123 8
