0.041325 72
8.606087 1
0.313431 1
0.534914 2
0.004473 160
0.000334 2
0.000560 136
0.000265 2
0.001028 72
2.323227 2
0.634855 4
0.182759 4
0.854263 1
0.190869 1
0.982721 1
0.153590 1
0.124009 1
5.757021 1
0.409834 1
0.189049 1
0.216892 1
0.168058 1
0.158563 1
0.196773 1
0.162024 1
0.211988 1
1.097467 2
0.014405 72
8.963135 1
0.111353 1
0.110677 2
0.000667 164
0.000188 2
0.000249 146
0.000207 2
0.001183 72
5.929644 1
0.929466 1
0.255132 1
0.209731 1
0.241437 1
0.151739 1
0.182836 1
0.280390 1
0.394798 1
0.198344 1
0.238494 1
0.814546 2
0.003074 18
0.000281 2
0.001238 72
5.897025 1
0.100444 1
0.299249 1
0.313472 1
0.102516 1
0.359484 7
0.434483 2
0.000470 90
27.226943 1
0.158683 1
0.050424 1
0.216813 1
0.202081 1
0.192889 1
0.185818 1
0.246003 1
0.133861 1
0.136042 1
2.036409 1
0.000650 2
0.000460 1
0.000467 1
0.000253 1
0.000523 1
0.002053 2
0.000473 1
0.000669 1
0.000404 1
0.000348 1
0.001105 1
0.000427 1
0.000555 1
0.000904 1
0.000498 1
0.000587 1
0.000583 1
0.000605 1
0.000472 1
0.000585 1
0.000278 1
0.000514 1
0.001207 1
0.000836 1
0.000283 1
0.000380 1
0.000555 1
0.000373 1
0.001181 1
0.000815 1
0.000599 1
0.000444 1
0.000982 1
0.000184 1
0.000877 1
0.000841 1
0.001419 1
0.001860 1
0.001895 1
0.000520 1
0.000469 1
0.000674 1
0.000327 1
0.000767 1
0.001077 1
0.000760 1
0.000610 1
0.002284 1
0.000583 1
0.000556 1
0.000373 1
0.001839 1
0.000358 1
0.000538 1
0.000324 1
0.000480 1
0.000485 1
0.000431 1
1.429495 46
0.672384 35
2.190963 1
0.303365 1
0.155539 1
0.242339 1
0.335914 1
0.269113 1
0.475220 1
0.108417 1
0.599133 46
4.730570 2
0.420746 55
0.000340 2
0.008679 90
29.351761 1
0.204779 1
0.200876 1
7.093713 1
2.640694 4
8.912166 4
0.160736 4
0.170702 4
2.629996 1
0.106066 1
0.190963 1
1.500448 119
2.038324 1
0.528548 1
0.556026 4
0.174462 4
0.680297 1
0.181942 1
0.265195 1
0.483583 1
0.332278 1
0.261410 1
0.121432 1
0.179041 1
0.524137 4
0.270394 1
1.820716 1
0.421079 1
0.207850 1
0.141707 1
0.114509 1
0.207416 1
0.159264 1
0.196874 1
0.112579 1
0.099672 1
0.866110 1
2.234129 1
7.117477 1
0.312435 1
1.086139 1
0.607642 1
0.164053 1
4.147040 1
0.526938 4
0.223254 4
0.257025 4
0.230257 4
0.466983 4
2.448823 1
0.361885 2
0.004704 4
0.000775 57
0.000353 2
0.000225 37
0.000521 2
0.001251 90
1.414446 19
0.506937 4
0.443538 4
0.023610 4
0.023985 4
0.024076 4
0.024348 4
0.024113 4
0.023858 4
0.024166 4
0.024018 4
0.024361 4
0.023841 4
0.024378 4
0.025172 4
0.022884 4
0.024070 4
0.024076 4
0.024132 4
0.024324 4
0.023983 1
0.024014 1
0.024896 1
0.023720 1
0.023982 1
0.024463 1
0.023391 1
0.420418 1
0.089489 1
0.320790 74
0.659678 1
0.089600 1
0.186731 2
0.000427 164
0.000029 2
0.000030 146
0.000019 2
0.000504 72
2.342381 2
0.597724 4
0.184764 4
0.393883 1
0.181723 1
0.588317 1
0.594553 4
0.172990 4
0.186396 4
0.704564 1
1.165450 1
0.065236 1
0.368052 1
1.445776 1
0.185696 1
2.126221 1
0.220974 1
0.221854 1
0.436455 4
0.183804 4
0.275160 4
0.901198 1
0.238129 1
0.164868 1
0.210902 1
0.359353 46
0.000889 72
1.904877 1
0.061146 1
0.333343 1
1.110571 4
0.180865 4
0.154692 1
0.691951 1
0.046330 1
0.342825 1
0.860050 1
0.180395 8
0.495948 2
0.000439 90
2.024005 1
0.209835 1
1.740663 1
1.085196 1
1.288996 1
0.529700 1
0.195964 1
0.327296 1
1.620722 1
0.268713 1
1.367262 1
0.869668 4
0.558885 1
0.316735 4
0.177938 4
0.167320 4
0.161378 4
0.161383 4
0.173925 4
0.159555 4
0.826074 1
0.444156 1
0.226491 4
1.247416 11
5.024694 1
0.283757 1
1.300143 1
0.325425 1
1.587186 1
4.947720 1
0.358601 1
0.080364 1
0.249176 1
0.260435 1
0.126708 1
0.219945 1
0.146655 1
0.239245 1
0.275064 1
0.100588 1
1.373565 1
2.947954 1
1.875033 1
1.113585 1
0.232258 4
0.973962 11
3.631300 1
0.074422 1
3.500380 7
0.559195 25
9.163257 2
0.000525 90
4.009851 1
0.095097 1
0.430017 1
0.165960 25
1.073937 2
0.000476 140
0.821702 1
0.109308 1
0.149778 2
0.002977 16
0.000362 2
0.001094 140
19.112561 1
0.090562 1
0.376645 74
0.277186 1
0.035080 1
0.311685 74
2.128929 1
1.455985 1
0.776629 1
3.135172 4
0.176600 4
0.162839 4
0.668236 1
0.126539 1
0.144823 316
0.000827 72
7.318813 1
0.267167 1
0.193073 1
0.343689 1
0.284214 1
1.963554 4
2.369535 1
0.606357 1
0.162828 1
0.617946 1
0.493151 4
0.178033 4
0.903284 1
0.234610 1
1.148798 4
0.204323 4
1.513919 1
0.698765 1
1.207339 4
0.836813 1
0.125922 1
0.410654 1
0.142851 1
0.328621 1
0.171703 1
0.269795 2
0.002839 20
0.000363 2
0.000147 71
0.000890 2
0.000216 65
0.000374 2
0.000254 42
0.000205 2
0.001243 72
28.106169 1
0.663639 4
0.175996 1
0.382780 1
0.170859 1
0.730210 1
0.396905 1
1.071611 1
0.182999 1
0.614531 1
3.382160 2
0.000434 1
0.000782 1
0.000677 1
0.000514 1
0.000681 1
0.000287 1
0.000577 1
0.000554 1
0.001872 2
0.000154 1
0.000480 1
0.000531 1
0.000615 1
0.000866 1
0.001837 2
0.000164 1
0.000374 1
0.000534 1
0.000804 1
0.000271 1
0.000358 1
0.000481 1
0.000863 1
0.001569 1
0.000608 1
0.000424 2
0.000870 1
0.000475 1
0.000737 1
0.001136 1
0.003742 2
0.000350 1
0.000610 1
0.000788 1
0.001130 1
0.002135 2
0.000179 1
0.000554 1
0.002571 1
0.000388 1
0.000576 1
0.000473 1
0.001254 1
0.001275 1
0.000875 1
0.000262 1
0.000628 1
0.000720 1
0.003668 2
0.000330 1
0.000364 1
0.000391 1
0.000224 1
2.481913 4
0.442844 4
0.024070 4
0.024483 4
0.023836 4
0.024472 4
0.024166 4
0.023800 4
0.024071 4
0.026053 4
0.021905 4
0.024450 4
0.023844 4
0.024394 4
0.026901 4
0.021227 4
0.024050 4
0.023999 4
0.024263 4
0.024214 4
0.024135 4
0.023891 4
0.024594 4
0.023915 4
0.024148 4
0.026376 4
0.021581 4
0.024164 4
0.024205 4
0.024053 4
0.025012 4
0.023168 4
0.024016 4
0.024221 4
0.024116 4
0.024222 4
0.025804 4
0.022405 4
0.024090 4
0.024298 4
0.023879 4
0.024115 4
0.024242 4
0.024064 4
0.024001 4
0.024172 4
0.024027 4
0.025505 4
0.022682 4
0.024559 4
0.023809 4
0.023931 4
0.024279 4
0.024243 4
0.023911 4
0.024341 4
0.193096 4
0.186545 4
0.161128 4
0.173620 4
0.164066 4
0.705860 1
0.255400 1
0.864337 1
1.067989 1
0.637768 1
0.656439 1
0.689122 4
0.164525 4
0.835119 1
0.806848 1
0.316648 1
0.339439 1
2.756987 1
0.250260 1
0.407003 1
0.111469 1
0.429031 1
1.169671 1
0.602018 1
8.843858 1
2.921856 1
1.819740 1
0.480716 1
0.240843 1
0.207828 1
0.149772 1
0.692320 1
0.889167 1
0.159014 1
4.449084 1
0.627162 1
0.099652 1
0.318045 1
0.255834 1
0.426317 1
0.243205 1
0.169453 1
0.220714 1
29.349074 4
0.176807 4
0.155747 4
0.152026 4
0.170621 4
0.157458 4
0.158988 4
0.276346 4
21.659636 1
0.000411 5
4.110366 113
1.225927 113
6.309274 113
0.058826 113
0.043013 113
0.039037 113
0.032233 113
0.078601 113
0.046668 113
0.046250 113
0.049720 113
0.042380 113
0.048982 113
0.044291 113
0.039469 113
0.044797 113
0.049020 113
0.041919 113
0.182323 113
0.048625 113
0.041585 113
0.047096 113
0.041652 113
0.035470 113
0.066088 113
0.047924 113
0.045279 113
0.042696 113
0.051790 113
0.131021 113
0.048267 113
4.096312 1
0.159781 1
0.229400 1
0.135431 1
0.148502 1
0.213016 1
0.178128 1
0.186910 1
0.117311 1
0.115659 1
0.705405 1
16.975504 1
7.484762 1
0.180807 1
0.333747 1
0.146573 1
0.105585 1
0.188787 1
0.182070 1
0.190701 1
0.082268 1
0.126021 1
6.587098 4
0.173847 4
0.189785 4
0.214143 4
0.935746 4
0.196671 4
0.185705 4
0.182041 4
0.184820 4
0.168095 4
47.381854 1
1.184596 1
0.231178 4
0.657573 11
0.808483 1
34.598675 1
0.280343 8
0.974635 25
2.304968 2
20.971351 67
0.001395 72
16.992270 1
1.334434 100
0.553477 1
0.443279 1
0.023940 1
0.024207 1
0.024095 1
0.024163 1
0.024239 1
0.024166 1
0.023942 1
0.024019 1
0.024474 1
0.024522 1
0.023319 1
0.024271 1
0.024021 1
0.024441 1
0.023834 1
0.024200 1
0.024002 1
0.024054 1
0.024079 1
0.024221 1
0.025637 1
0.022904 1
0.023863 1
0.024231 1
0.023942 1
0.024398 1
0.023875 1
0.024004 1
0.024283 1
0.023926 1
0.024251 1
0.024768 1
0.023711 1
0.023770 1
0.024265 1
0.024409 1
0.023741 1
0.024225 1
0.024261 1
0.023813 1
0.024274 1
0.024206 1
0.025183 1
0.022916 1
0.023973 1
0.024618 1
0.023786 1
0.023980 1
0.024058 1
0.024278 1
0.023991 1
0.024204 1
0.024137 1
0.025377 1
0.022743 1
0.024056 1
0.024256 1
0.024178 1
0.024034 1
0.024502 1
0.023816 1
0.024091 1
0.024075 1
0.023968 1
0.024522 1
0.023919 1
0.024063 1
0.023997 1
0.024259 1
0.023878 1
0.024340 1
0.024053 1
0.024303 1
0.024071 1
0.024290 1
0.024405 1
0.023493 1
0.024070 1
0.246218 1
0.249159 1
0.457665 5
0.206750 5
0.917477 5
0.338311 5
2.495618 2
0.106416 1
0.000436 31
5.456834 2
0.118421 128
0.004943 128
0.000293 2
0.006307 72
18.893002 100
1.019323 1
0.443163 1
0.024064 1
0.024021 1
0.024337 1
0.023957 1
0.024445 1
0.023709 1
0.024002 1
0.024084 1
0.024253 1
0.024170 1
0.024061 1
0.023965 1
0.024525 1
0.024018 1
0.024347 1
0.023877 1
0.024161 1
0.023878 1
0.024563 1
0.023861 1
0.024055 1
0.024452 1
0.023741 1
0.023852 1
0.024424 1
0.023921 1
0.024197 1
0.024007 1
0.024484 1
0.025067 1
0.022951 1
0.023962 1
0.024232 1
0.024311 1
0.023762 1
0.024443 1
0.024016 1
0.024247 1
0.023930 1
0.023853 1
0.025759 1
0.022535 1
0.024193 1
0.024197 1
0.024034 1
0.024362 1
0.023857 1
0.024066 1
0.024553 1
0.023692 1
0.024352 1
18.900840 1
0.217834 1
0.196785 1
0.196219 1
0.292661 1
0.123223 1
0.171872 1
0.172840 1
0.150632 1
0.163525 1
0.157937 1
0.369979 5
0.246311 5
0.342448 5
0.693351 5
0.280540 5
0.207925 5
0.562653 5
0.326186 5
0.172193 5
0.224349 5
4.127299 2
0.110467 1
0.000391 31
2.045386 2
0.138606 128
0.001956 128
0.000245 2
0.003846 72
21.485303 1
0.182716 1
0.239899 1
0.217081 1
0.397514 8
