0.046481 72
785.488816 1
0.151600 1
0.335330 1
0.846198 1
1.747902 1
0.734842 1
0.134707 1
0.000166 4
1.405962 1
0.212706 5
1.568503 106
0.000472 72
37.480041 1
0.151712 1
0.183603 1
0.303040 1
0.279851 1
1.580116 1
0.207439 1
0.239605 1
0.183870 1
0.358094 1
0.175581 1
0.264534 1
1.444018 4
0.199559 4
0.894410 1
0.247168 1
0.168019 1
0.198815 1
0.391531 1
1.372765 1
0.974181 1
0.566068 1
7.464103 4
0.158662 4
0.887579 1
0.198105 1
2.705625 1
1.197756 4
1.061450 1
0.207498 1
1.101448 1
1.923736 1
0.398717 1
0.422951 1
0.295476 1
1.412968 1
0.470902 1
1.636120 1
0.223363 1
4.135857 2
0.027928 32
2.958792 2
0.008632 6
0.000131 14
0.000181 27
0.000074 2
0.000229 39
0.000066 2
0.000070 4
0.000064 1
0.000061 1
0.000062 1
0.000061 1
0.000070 1
0.000063 4
0.000061 1
0.007790 1
0.000102 1
0.000067 1
0.000193 1
0.000065 1
0.000062 1
0.000067 7
0.000062 1
0.000061 1
0.000061 1
0.000060 1
0.000059 1
0.000060 1
0.000060 1
0.000059 1
0.000061 4
0.000061 1
0.000082 1
0.000061 1
0.000061 1
0.000024 1
0.000023 1
0.000058 1
0.000024 1
0.000021 1
0.000020 1
0.000021 1
0.000021 1
0.000057 1
0.000025 1
0.000022 1
0.000021 1
0.000021 1
0.000057 1
0.000024 1
0.000021 1
0.000020 1
0.000021 1
0.000057 1
0.000028 4
0.000021 1
0.000021 1
0.000020 1
0.000058 1
0.000033 1
0.000022 1
0.000021 1
0.000020 1
0.000148 1
0.000049 1
0.000023 1
0.000021 1
0.000020 1
0.000021 2
0.000023 1
0.000021 1
0.000021 1
0.000020 1
0.000021 1
0.000020 1
0.000020 1
0.000021 1
0.000021 1
0.000021 1
0.000021 1
0.000020 1
0.000062 1
0.000025 1
0.000021 1
0.000020 1
0.000021 1
0.000020 1
0.000060 1
0.000025 1
0.000021 1
0.000020 1
0.000021 1
0.000058 1
0.000024 1
0.000023 2
0.000021 1
0.000021 1
0.000020 1
0.000096 1
0.000024 1
0.000021 1
0.000020 1
0.000021 1
0.000020 1
0.000059 1
0.000024 1
0.000021 1
0.000020 1
0.000021 1
0.000058 1
0.000024 1
0.000020 1
0.000023 1
0.000021 1
0.000058 1
0.000024 1
0.000021 1
0.000020 1
0.000021 2
0.002326 72
1.291227 29
0.439150 1
0.207730 1
0.319143 1
0.168354 1
0.166305 1
0.167882 1
0.167998 1
0.183140 1
0.447442 1
0.631055 23
0.157865 23
0.183780 19
0.368771 2
0.021618 6
0.000143 14
0.000247 27
0.000083 2
0.000365 39
0.000113 2
0.000086 4
0.000066 1
0.000063 1
0.000061 1
0.000061 1
0.000060 1
0.000063 4
0.000061 1
0.000061 1
0.000060 1
0.000060 1
0.000171 1
0.000102 1
0.000070 1
0.000072 7
0.000069 1
0.000067 1
0.000066 1
0.000066 1
0.000066 1
0.000066 1
0.000066 1
0.000066 1
0.000068 3
0.000091 1
0.000070 1
0.000066 1
0.000066 1
0.000066 1
0.000069 1
0.000067 1
0.000066 1
0.000066 1
0.000066 1
0.000101 1
0.000067 1
0.000066 1
0.000066 1
0.000068 1
0.000067 1
0.000066 1
0.000066 1
0.000288 1
0.000083 1
0.000068 1
0.003357 1
0.000101 1
0.000080 4
0.000256 1
0.000112 1
0.000070 1
0.000066 1
0.000064 1
0.000063 1
0.000063 1
0.000063 1
0.000085 1
0.000064 1
0.000063 1
0.000212 1
0.000126 1
0.000071 2
0.000066 1
0.000065 1
0.000154 1
0.000026 1
0.000021 1
0.000021 1
0.000020 1
0.000020 1
0.000024 1
0.000021 1
0.000020 1
0.000021 1
0.000020 1
0.000097 1
0.000036 1
0.000021 1
0.000020 1
0.000020 1
0.000023 1
0.000021 1
0.000020 1
0.000066 1
0.000024 1
0.000021 1
0.000020 1
0.000023 2
0.000020 1
0.000021 1
0.000060 1
0.000024 1
0.000021 1
0.000020 1
0.000021 1
0.000020 1
0.000166 1
0.000114 1
0.000028 1
0.000022 1
0.000063 1
0.000025 1
0.000020 1
0.000021 1
0.000020 1
0.000024 1
0.000062 1
0.000024 1
0.000020 1
0.000020 1
0.000020 1
0.000021 2
0.002481 72
33.373967 19
0.189630 2
0.000165 50
0.000065 2
0.000071 2
0.000076 19
0.000058 2
0.000119 2
0.015649 72
0.000195 12
0.000073 2
0.061708 72
23.240698 12
0.686910 29
1.786389 1
1.340844 1
0.223614 1
3.217111 1
0.342866 1
0.191391 1
1.006392 1
0.198951 1
1.644324 1
0.391356 1
0.095310 1
1.077838 4
0.176067 4
0.717896 1
0.097615 1
0.133677 1
0.495497 1
0.191461 1
0.167671 1
0.168192 1
0.159327 1
0.176499 1
0.357645 13
0.839888 2
0.167450 2
0.000184 50
0.000074 2
0.000124 2
0.000100 19
0.000063 2
0.000126 2
0.018754 72
2.422285 30
0.648025 105
0.580865 29
0.199503 45
1.627398 4
0.496759 4
0.033103 4
0.033146 4
0.031084 4
0.026660 4
0.030154 4
0.030052 4
0.031615 4
0.030616 4
0.031430 4
0.030781 4
0.029892 4
0.030733 4
0.031036 4
0.029973 4
0.031762 4
0.030949 4
0.029682 4
0.029477 4
0.030169 4
0.031678 4
0.031584 4
0.031365 4
0.550462 1
0.199350 1
0.248034 1
0.263019 1
0.215647 1
1.548670 1
0.215250 1
0.176096 1
0.334597 1
0.159838 1
0.295424 1
0.143760 1
0.074457 1
0.156201 1
0.192332 1
1.335093 2
0.133341 29
0.015327 29
0.014646 29
0.086164 29
0.000262 29
0.050907 29
0.000207 29
0.022563 29
0.000226 29
0.003149 30
0.000212 30
0.001315 30
0.000154 30
0.000438 30
0.000150 30
0.537271 30
0.474616 30
0.000302 30
0.212343 30
0.000287 30
0.014835 30
0.148852 30
0.000258 30
0.016024 30
0.000198 30
0.002671 30
0.000288 30
0.004628 30
0.000241 30
0.055011 30
0.000351 30
0.028291 30
0.000234 30
0.009304 30
0.000209 30
0.009612 30
0.000189 30
0.001140 30
0.000145 30
0.001156 30
0.000136 30
0.029746 30
0.000213 30
0.005791 30
0.000172 30
0.002957 30
0.000663 30
0.006719 30
0.000168 30
0.000502 30
0.000204 30
0.001458 30
0.000136 30
0.000571 30
0.000124 30
0.000278 30
0.000119 30
0.001100 30
0.000363 30
0.009421 30
0.000294 30
0.003818 30
0.000337 30
0.005141 30
0.003066 30
0.005162 30
0.000188 30
0.000753 30
0.000150 30
0.000887 30
0.000182 30
0.004158 30
0.000890 30
0.001318 30
0.000200 30
0.001018 30
0.000134 30
0.000302 30
0.000127 30
0.173253 30
0.005572 30
0.430934 31
0.000156 2
0.097865 32
0.000176 32
0.000102 32
0.053521 33
0.000163 33
0.277641 33
0.000196 2
0.000092 33
0.000113 33
0.003467 35
0.000091 2
0.426416 79
0.000151 2
0.000138 94
0.000072 2
0.000310 90
0.000080 2
0.000220 91
0.000065 2
0.000122 101
0.000063 2
0.000086 95
0.000061 2
0.000107 92
0.000060 2
0.000264 90
0.000065 2
0.000257 101
0.000060 2
0.000343 86
0.000116 2
0.000298 97
0.000091 2
0.000168 95
0.000064 2
0.001014 29
0.000068 2
0.000080 41
0.000058 2
0.000778 52
0.000070 2
0.001428 8
0.000086 2
0.002192 19
0.000111 2
0.000072 36
0.000061 2
0.140868 45
0.000191 2
0.002479 11
0.000134 2
0.022690 63
0.000125 2
0.000116 32
0.000066 2
0.000081 67
0.000062 2
0.000125 24
0.000075 7
1.315979 1
0.193918 2
0.016467 18
0.000189 4
0.367304 14
0.000163 91
0.000065 2
0.000112 34
0.000068 4
0.005243 35
0.000135 13
0.000074 4
0.158179 145
0.201381 32
0.000121 14
0.000075 4
0.000072 16
0.000091 33
0.000130 2
1.225417 1
0.000143 15
0.071331 53
0.000297 2
0.000178 23
0.087765 25
0.000241 26
0.000201 26
0.000147 26
0.000266 26
0.000132 26
0.000124 26
0.000123 26
0.000145 26
0.046620 26
0.190313 26
0.093565 26
0.150792 26
0.099688 26
0.105353 26
0.097530 26
0.075564 26
3.922099 26
0.071074 26
0.119717 27
0.000183 22
0.000165 50
0.000107 2
0.015459 54
0.000171 2
0.000623 133
0.004680 133
0.002021 38
0.000146 2
0.024385 133
0.029624 43
0.000246 2
0.066004 56
0.000146 2
0.000480 133
0.001953 34
0.000137 2
0.070906 133
0.088404 39
0.000158 2
0.002095 133
0.001684 133
0.001322 35
0.000113 2
0.010049 133
0.320846 108
0.000151 2
2.442645 133
0.003480 54
0.002035 2
0.749403 44
0.002084 2
6.585057 52
0.000166 2
0.708706 2
0.000146 15
0.000068 3
4.694467 72
15.907848 19
1.308111 49
1.263174 50
0.001087 72
15.441718 30
0.996948 4
0.499048 4
0.034425 4
0.030409 4
0.031986 4
0.031391 4
0.029129 4
0.030361 4
0.029079 4
0.030243 4
0.030222 4
0.221409 4
0.183506 4
0.439570 2
0.001215 48
0.000077 2
0.000363 4
13.111432 1
0.159553 1
1.488357 1
0.507178 1
0.151614 1
3.943062 1
1.125615 1
0.136107 1
0.303012 1
0.406825 1
0.111826 1
0.111620 1
0.679043 6
5.077141 4
0.422531 4
0.957530 3
0.497159 3
0.033970 6
0.030100 3
0.032011 3
0.031621 6
0.532455 2
0.000276 72
1.747394 74
1.971649 1
0.311437 1
0.249960 16
0.000542 72
2.973621 1
0.279557 1
0.215270 1
0.423167 1
0.231799 1
0.215393 1
0.255128 1
0.606700 1
0.447656 1
0.717983 1
0.191594 1
0.199194 1
0.239443 1
0.223760 1
0.223153 1
0.287997 1
0.134904 1
0.553599 56
5.082399 4
0.422840 4
0.350839 4
0.486335 3
0.499796 3
0.034318 6
0.029874 3
0.031481 3
0.032308 6
0.031800 3
0.030404 3
0.031066 6
0.804432 1
0.151441 1
0.176240 1
0.222743 1
0.311448 1
0.294873 1
0.264028 1
0.342729 1
0.215815 1
0.598709 1
0.161165 1
0.357078 1
0.231758 1
0.207526 1
0.432081 1
0.294397 1
0.191029 1
0.734881 6
2.912997 1
0.120200 1
0.238965 1
0.287143 1
0.151935 1
0.790603 1
0.327332 1
0.247118 1
0.342918 1
0.383397 1
0.063801 1
0.135920 1
0.702344 6
1.779337 2
0.000323 72
1.238488 74
24.247692 1
0.271469 1
1.707998 1
0.542886 1
0.542468 1
0.288457 1
0.982526 2
0.001494 48
0.000090 2
0.000444 4
80.804940 1
0.350268 1
1.340625 1
0.534930 1
0.111964 1
1.262518 1
0.701063 1
0.239183 1
0.263244 1
0.231816 1
0.638039 1
0.303740 1
0.334673 3
0.192708 3
0.158975 3
0.183445 3
0.431064 1
0.759467 1
0.317910 1
2.387207 1
0.239170 1
0.326966 1
0.255017 1
0.207807 1
0.207773 1
0.223323 1
0.191926 1
6.617260 3
0.270922 1
0.606501 6
6.680821 2
0.000493 72
0.199127 74
1.325359 6
1.134375 17
1.260731 1
0.499939 1
0.032808 1
0.032322 1
0.031673 1
0.026640 1
0.030702 1
0.030465 1
0.031786 1
0.031589 1
0.031745 1
0.031535 1
0.031135 1
0.029951 1
0.029895 1
0.030939 1
0.030638 1
0.353368 3
0.175970 3
0.135135 3
0.701969 5
0.047559 5
0.191921 5
0.928185 50
0.001362 72
4.730459 20
0.238327 23
0.862900 20
0.382371 1
0.501043 1
0.032901 1
0.031911 1
0.032517 1
0.030406 1
0.029308 1
0.028939 1
0.032913 1
0.030240 1
0.030051 1
0.030144 1
0.029459 1
0.429532 1
0.526334 5
0.175913 5
0.191135 5
1.041085 56
23.710586 2
0.000286 72
1.859205 8
0.001326 48
0.000031 2
0.000328 4
5.098775 1
0.199241 1
0.215527 1
0.119897 1
0.886243 1
0.160470 1
0.150811 1
0.422735 1
0.438887 1
0.303141 1
0.871270 1
0.693364 1
0.175545 1
0.279743 1
0.095927 1
0.542061 1
0.199954 1
1.811786 1
0.239931 1
0.199446 1
0.694207 1
0.239342 1
0.207593 1
1.038779 4
0.142840 4
0.839309 4
0.804775 3
0.499918 3
0.032645 6
0.032957 3
0.034002 3
0.028907 6
0.030647 3
0.031850 3
0.026724 6
0.030961 3
0.029916 3
0.030712 3
0.030672 3
0.653470 3
1.028970 1
0.622190 1
0.247936 1
0.230998 1
30.019427 6
55.289664 1
0.183402 1
0.392062 1
0.207066 1
0.742575 6
2.443454 2
0.000577 72
0.174466 74
1.117725 1
0.182992 1
0.358980 1
0.184766 1
0.216483 8
