0.030112 63
6.511303 1
0.502790 1
0.478751 1
0.184196 1
0.302777 1
1.684201 4
0.096353 1
0.071260 1
0.486935 4
0.518792 1
0.191550 1
0.375183 1
1.143515 1
13.159871 1
1.101644 1
0.167474 1
1.077624 1
0.087678 1
0.623246 2
0.005263 59
0.005763 14
0.030152 43
3.063310 469
0.000080 76
2.969242 10
17.966805 7
2.562085 6
8.858501 231
0.029795 74
8.520067 54
1.380845 3
0.183606 3
0.167642 3
0.143672 3
0.949819 10
0.151641 10
0.183447 10
0.319460 10
0.375214 190
9.131202 5
2.641920 59
1.245119 3
0.159699 3
0.135596 3
0.159561 3
0.303306 10
0.175645 10
0.351214 10
0.470914 10
1.029540 188
4.988742 5
40.962609 5
1.532893 6
0.015761 1
0.656276 3
0.636841 3
0.223391 3
0.231515 3
0.183781 3
0.151406 3
0.630674 3
0.566614 3
0.311259 3
0.223725 3
0.327104 6
0.500007 6
0.031041 6
0.046801 6
0.030250 6
0.233760 3
0.363406 4
0.191471 4
0.159751 4
0.152082 4
0.167054 4
0.383208 4
0.447173 6
0.215130 48
0.430131 53
0.184463 10
0.409076 4
0.173956 11
0.308998 50
0.172578 72
0.465033 92
0.199773 53
0.524524 10
0.140628 11
0.434179 13
0.138531 6
0.418006 11
0.170204 52
2.671104 19
3.128168 8
1.735010 6
0.215940 48
0.170554 53
0.156131 10
0.169807 4
0.371361 11
0.184415 50
1.180421 72
0.669576 92
0.471699 53
0.464748 10
0.446298 11
0.391253 13
0.436640 6
0.401996 11
0.554526 52
0.559203 94
0.573011 60
2.054728 19
0.002203 44
0.821706 1
1.006532 1
1.006463 1
1.002451 1
1.003360 1
1.014063 1
1.010392 1
1.004862 1
1.007209 1
1.012949 1
1.012367 1
0.915651 6
0.099445 15
1.012618 15
1.013583 15
1.011797 15
0.729566 161
14.586829 8
15.700360 7
1.412851 1
0.247298 1
0.703743 168
1.015246 17
1.002353 17
1.006639 17
1.002182 17
1.012025 17
1.005413 17
1.005706 17
1.009927 17
0.024903 1
0.223649 1
0.335022 1
0.207484 1
0.217754 17
0.125940 386
0.880880 21
1.014416 17
1.012365 17
1.009050 17
1.010730 17
1.004641 17
1.009779 17
1.011637 17
1.012617 17
1.002509 17
0.827712 4
0.185613 17
0.197445 9
0.162632 50
0.194489 55
0.457974 203
0.001999 52
0.443943 3
0.504555 3
0.045810 3
0.015629 16
0.030631 3
0.030863 3
0.030866 3
0.030770 3
0.045099 3
0.030867 3
0.030793 3
0.031842 3
0.031045 3
0.030218 3
0.030578 3
0.030979 3
0.029993 3
0.030841 3
0.031419 3
0.030970 3
0.031267 3
0.044991 3
0.030849 3
0.031215 3
0.355346 16
1.010663 16
1.011140 16
0.308563 32
0.515169 32
0.179626 16
0.566924 382
0.000996 13
0.448616 13
0.558606 13
0.455018 14
0.560892 14
0.444525 14
0.566978 14
0.446609 14
0.568153 14
0.444591 14
0.567590 14
0.447501 14
0.566647 14
0.444816 14
0.568934 14
0.439081 14
0.572679 14
0.444284 14
0.568542 14
0.445161 14
0.560505 14
0.450877 14
0.243061 1
0.314616 15
0.453525 15
0.556343 15
0.448153 15
0.561440 15
0.448560 15
0.560095 15
0.105574 1
0.344435 16
0.559598 16
0.448158 16
0.559965 16
0.452324 16
0.077864 1
0.482265 16
0.447340 16
0.171897 1
0.395678 16
0.446377 16
0.251592 380
0.314521 14
0.447007 14
0.559162 14
0.451738 14
0.561927 14
0.448706 14
0.555894 14
0.455707 14
0.560035 14
0.442630 14
0.566766 14
0.448075 14
0.561004 14
0.451001 14
0.554767 14
0.454583 14
0.556910 14
0.448813 14
0.561016 14
0.445771 14
0.559605 14
0.451353 14
0.556414 14
0.459101 14
0.553809 14
0.451785 14
0.560948 14
0.444802 14
0.570596 14
0.436826 14
0.574919 14
0.430157 14
0.584909 14
0.417797 14
0.593694 14
0.416207 14
0.596226 289
0.415202 11
0.598693 12
0.413833 13
0.592839 13
0.419997 13
0.592779 13
0.418899 13
0.584974 13
0.421762 14
0.591210 14
0.417560 14
0.594789 14
0.414771 14
0.592494 14
0.417395 14
0.586650 14
0.430105 14
0.579654 14
0.437021 14
0.579219 14
0.429550 14
0.586022 14
0.425312 14
0.587352 14
0.416042 14
0.594383 14
0.416399 14
0.590325 14
0.420193 14
0.585544 14
0.430068 14
0.580640 14
0.431973 14
0.583677 14
0.367249 4
0.061349 16
0.337557 4
0.247037 16
0.132626 4
0.296360 17
0.585758 17
0.419238 17
0.278627 3
0.311529 17
0.201583 3
0.031171 6
0.031719 3
0.031544 3
0.030357 6
0.030488 3
0.030457 3
0.031801 16
0.000707 4
0.583642 14
0.421498 14
0.580230 14
0.423320 14
0.579760 14
0.426161 14
0.578092 14
0.424898 14
0.112480 413
0.890469 21
1.003092 17
0.886961 48
0.116510 17
0.567452 3
0.434715 17
0.065175 3
0.032857 3
0.030101 3
0.030727 3
0.033001 3
0.033493 3
0.029928 3
0.032839 3
0.032481 3
0.033093 3
0.032602 3
0.032421 3
0.033277 3
0.034210 3
0.032002 3
0.030522 3
0.030308 3
0.031842 3
0.295646 3
0.097646 17
0.087031 3
0.134232 3
0.336894 3
0.445613 17
0.350284 32
0.351251 32
0.300507 17
0.298715 390
0.001102 14
0.704650 14
0.300148 14
0.703496 14
0.301295 14
0.702515 14
0.301274 14
0.082370 364
0.617924 21
1.002425 17
0.989244 1
0.012103 17
0.107421 1
0.896505 17
0.238115 421
0.763797 17
0.251156 17
0.762353 17
0.246625 17
0.765970 17
0.246456 17
0.760974 17
0.248694 17
0.753059 17
0.061238 1
0.199119 17
0.000610 1
0.359580 392
0.387305 383
0.267302 16
0.357637 16
0.376910 16
0.278892 16
0.352905 16
0.369951 16
0.280367 16
0.357009 16
0.372897 17
0.276527 17
0.358199 17
0.377077 17
0.276654 16
0.353216 14
0.383968 12
0.276612 10
0.353002 10
0.379957 12
0.279454 14
0.342533 16
0.390639 17
0.172481 1
0.108113 17
0.139304 1
0.204082 17
0.099149 1
0.183674 1
0.095976 16
0.291071 17
0.020344 388
0.317358 21
0.374006 17
0.289844 17
0.338152 17
0.376675 17
0.287332 17
0.340045 17
0.377272 17
0.290883 17
0.333800 17
0.379574 17
0.290846 17
0.331741 17
0.379529 17
0.290810 17
0.335903 17
0.378250 17
0.295326 17
0.332812 17
0.373764 17
0.295139 17
0.332498 17
0.374842 17
0.242076 321
0.000105 76
0.052690 19
0.332845 15
0.374740 15
0.294281 15
0.334198 15
0.374154 15
0.295088 15
0.333937 15
0.373606 15
0.295065 15
0.333990 15
0.225439 944
0.000072 76
0.152560 21
0.296707 17
0.328050 17
0.376797 17
0.298602 17
0.327288 17
0.206375 986
0.000081 76
0.170850 21
0.297936 17
0.327841 17
0.376685 17
0.297343 17
0.329006 17
0.376631 17
0.297135 17
0.328444 17
0.377870 17
0.296488 17
0.143256 1058
0.000082 76
0.186632 21
0.375408 17
0.299414 17
0.328494 414
0.375412 16
0.299845 16
0.329248 16
0.375052 16
0.262016 4
0.000301 9
0.000163 50
0.000175 31
0.025395 53
0.000197 9
0.000153 50
0.000155 55
0.012646 16
0.326264 16
0.376674 16
0.301793 16
0.327023 17
0.372943 17
0.301597 17
0.125639 52
0.000184 51
0.000145 6
0.000172 52
0.018482 31
0.000180 51
0.000173 6
0.000132 7
0.113783 10
0.714436 88
0.031286 16
0.326620 14
0.374922 12
0.303208 4
0.000182 9
0.000155 50
0.000175 31
0.001113 17
0.040440 53
0.000224 9
0.000174 50
0.000176 55
0.280991 17
0.371372 52
0.000203 51
0.000147 6
0.000147 52
0.007404 17
0.303113 17
0.319870 17
0.381611 17
0.137192 53
0.000169 9
0.000151 50
0.000156 55
0.018951 48
0.000194 53
0.000147 10
0.000125 4
0.020133 11
0.000173 50
0.000173 72
0.000159 92
0.123407 17
0.320360 17
0.007187 58
0.017106 97
0.022242 60
0.000176 55
0.000166 36
0.000179 53
0.336422 17
0.300986 17
0.318126 17
0.384135 17
0.302508 17
0.316242 17
0.387160 17
0.302054 17
0.314486 17
0.385761 17
0.304812 17
0.312028 17
0.386441 17
0.305994 17
0.064246 4
0.191519 4
0.053611 17
0.138107 4
0.167681 4
0.080426 17
0.183892 10
0.123382 17
0.311308 17
0.383118 17
0.308608 17
0.312485 17
0.382176 17
0.221250 8
0.087485 1
0.313314 1
0.382468 1
0.307937 1
0.313488 1
0.379958 1
0.261943 4
0.000113 4
0.000093 4
0.000091 4
0.019594 4
0.000110 4
0.000180 499
0.000095 4
0.029187 1
0.000453 4
0.000104 4
0.000093 4
0.000091 4
0.310982 1
0.379193 1
0.313423 1
0.314104 1
0.374701 1
0.314257 1
0.313033 1
0.374702 1
0.313859 1
0.316413 1
0.373055 1
0.313250 1
0.316745 1
0.372800 1
0.315361 1
0.318383 1
0.370971 1
0.314821 1
0.318887 1
0.370180 1
0.316482 1
0.320547 1
0.369175 1
0.315848 1
0.323519 1
0.364949 1
0.316713 1
0.326557 1
0.359071 1
0.317225 1
0.327255 1
0.357388 1
0.318095 1
0.327201 1
0.358342 1
0.326655 1
0.329826 1
0.348643 1
0.323551 1
0.330016 1
0.350928 1
0.322788 1
0.329107 1
0.352731 1
0.319530 1
0.331859 1
0.352319 1
0.320265 1
0.331094 1
0.350393 1
0.322015 1
0.330594 1
0.351559 1
0.320646 1
0.331037 1
0.350959 1
0.322036 1
0.329296 9
0.351890 589
0.322372 1
0.330404 1
0.348938 1
0.323302 1
0.330673 1
0.348731 1
0.324615 1
0.329089 1
0.350579 1
0.323877 1
0.328353 1
0.351960 1
0.324359 1
0.329222 1
0.350221 1
0.324187 1
0.328031 1
0.349592 1
0.326670 1
0.328399 1
0.347641 1
0.328376 1
0.328600 1
0.349161 1
0.325958 1
0.329271 1
0.349330 1
0.324481 1
0.329608 1
0.349525 1
0.323174 1
0.332272 1
0.358676 1
0.313285 1
0.337751 1
0.359387 1
0.313222 1
0.340183 1
0.358619 1
0.316588 1
0.338537 1
0.356127 1
0.310472 1
0.346008 1
0.352213 1
0.309282 1
0.353681 1
0.344814 1
0.311295 1
0.354945 1
0.337819 1
0.310329 1
0.360122 1
0.343509 1
0.308140 1
0.361934 1
0.343218 1
0.300867 1
0.370587 1
0.341300 1
0.291187 1
0.371452 1
0.342925 1
0.298167 1
0.368719 1
0.339062 1
0.294956 1
0.382342 1
0.338513 1
0.292984 1
0.374998 1
0.344951 1
0.296100 1
0.374054 1
0.333814 1
0.295539 1
0.386655 1
0.330997 1
0.284716 9
0.388560 679
0.328989 1
0.292465 1
0.399122 1
0.314275 1
0.299436 1
0.398937 1
0.311190 1
0.295607 1
0.403228 1
0.197727 8
0.110184 17
0.297234 17
0.400310 17
0.307350 17
0.308115 16
0.141256 1
0.167750 1
0.079557 17
0.127804 1
0.159679 1
0.022469 17
0.192970 1
0.116519 17
0.011889 1
0.206942 1
0.168011 17
0.317023 17
0.308597 17
0.377626 16
0.317564 14
0.312589 12
0.384940 12
0.310338 14
0.308700 16
0.385955 17
0.308994 17
0.312501 17
0.389372 17
0.310154 17
0.308565 17
0.392056 17
0.308551 17
0.307807 17
0.386330 17
0.310936 17
0.306166 17
0.387417 17
0.313143 17
0.310321 17
0.379921 17
0.109977 1204
0.204397 21
0.307950 17
0.380950 17
0.313048 17
0.308171 17
0.383130 17
0.313201 17
0.308408 17
0.383201 17
0.310213 17
0.311339 17
0.381455 17
0.312021 17
0.310201 17
0.379867 17
0.311599 17
0.312503 17
0.377799 17
0.312417 17
0.313261 17
0.376945 17
0.314115 17
0.313655 17
0.377086 17
0.314351 17
0.312815 17
0.375524 17
0.313982 17
0.313331 17
0.375373 17
0.316855 17
0.309310 17
0.378366 17
0.315224 17
0.310940 17
0.376915 17
0.315704 17
0.309906 774
0.377776 16
0.327719 16
0.306504 16
0.367883 16
0.333226 16
0.311937 16
0.366696 16
0.327236 16
0.314442 17
0.372902 17
0.326175 17
0.312727 17
0.366802 17
0.323000 16
0.313434 14
0.369883 12
0.331262 12
0.313579 14
0.366343 16
0.328263 17
0.308693 17
0.375116 17
0.324432 17
0.309809 17
0.375082 17
0.327515 17
0.311416 17
0.074670 8
0.293592 1
0.332699 1
0.306438 1
0.369033 1
0.326931 1
0.311770 1
0.374065 1
0.323864 1
0.308570 1
0.377179 1
0.326358 1
0.312320 1
0.367042 1
0.334158 1
0.305809 1
0.152841 2
0.032329 881
1.771235 5
0.215533 1
0.216394 1
0.166492 1
0.694648 1
0.175457 1
0.223447 1
0.303795 1439
10.471736 5
2.921301 5
0.175494 1
0.231857 1
0.159385 1
0.894164 1
0.295091 1
0.207524 1
0.375145 1
0.830038 1
0.670601 1
0.287407 1
1.077943 1252
3.065357 5
0.230587 1
0.343413 1
0.119523 1
0.375635 978
12.722615 5
0.670156 11
0.664873 15
0.852630 1339
0.001848 1540
0.168271 1
0.617453 1
0.391584 1
0.621454 1
0.384622 1
0.629175 1
0.234179 2
0.025241 1546
36.108304 5
1.356782 5
0.191571 1
0.220380 1
0.162613 1
8.995810 1
23.937474 1
0.191388 1
0.430853 1
0.399213 1
1.883711 1
0.518782 1
13.857639 958
6.272514 5
5.268314 5
0.257367 1
0.284997 1
0.167685 1
0.367784 1519
32.421512 5
58.235605 5
0.207478 1
0.183244 1
0.630894 4
0.191279 4
0.159721 4
0.280223 10
1.244376 1
0.375110 1
0.447890 1
0.126928 1
0.551101 634
20.720859 5
0.214759 1
0.199608 1
0.127685 1
0.622719 1
1.013639 1
0.271368 1
0.247396 1
0.407251 1
1.049917 3
0.186229 3
0.312501 5
0.304585 683
12.809357 5
0.215364 1
0.406997 1
0.127731 1
0.471716 637
5.067848 5
0.151531 1
0.518887 589
4.333989 2
0.001439 624
11.173110 5
0.263408 1
0.279254 1
0.127750 1
0.279989 643
8.539810 5
0.505104 8
0.121427 15
0.994685 1430
0.002189 1629
0.000339 1689
3.524576 2
0.032397 1709
9.042983 5
1.899653 5
0.168039 1
1.731694 1
1.181050 10
0.271606 1
0.350995 10
0.974149 1
0.327090 1
0.539537 10
2.262107 4
0.199453 4
0.175616 4
0.191555 4
0.175627 4
0.183546 4
0.275284 10
68.105441 1
0.334670 1
0.175657 1
0.207485 1
0.215446 1
0.231558 1
0.367958 619
0.002370 69
2.678702 1
0.159671 1
0.192587 611
0.003904 78
0.000342 621
0.000143 78
0.000230 638
0.000182 119
0.000224 658
0.000118 110
0.000224 710
0.000115 84
0.000224 737
0.000133 83
0.000209 256
0.000071 256
0.000068 256
0.000068 5
0.000115 83
0.000218 256
0.000071 256
0.000091 256
0.000089 62
0.000115 56
0.000217 256
0.000075 256
0.000036 256
0.000035 77
0.000074 56
0.000178 256
0.000036 256
0.000035 256
0.000036 98
0.000138 82
0.000195 256
0.000036 256
0.000058 256
0.000036 155
0.000082 82
0.000184 256
0.000036 256
0.000036 256
0.000052 166
0.000082 82
0.000211 256
0.000037 256
0.000035 256
0.000035 213
0.000080 82
0.000187 256
0.000035 256
0.000036 256
0.000035 248
0.000080 90
0.000192 256
0.000036 256
0.000034 256
0.000036 256
0.000034 54
0.000583 69
8.840668 1
0.486833 1
0.455152 1
0.247133 1
0.337231 1076
0.003211 1642
4.097419 8
1.117475 1
0.375054 1
0.271408 1
0.183566 1
0.456275 1550
0.003786 58
0.000780 63
6.339728 1
0.550652 1
0.367384 1
0.231263 1
1.373636 8
