0.076939 72
44.256958 1
0.383233 1
0.200055 1
0.134826 1
0.199474 1
0.192718 1
0.679851 2
1.005433 2
0.000237 54
0.000088 2
0.000081 2
0.000089 23
0.000061 2
0.000136 2
0.022706 72
1.820858 6
0.573658 9
0.445516 1
0.945935 1
1.049233 1
0.160436 1
0.162407 1
0.000441 1
0.738759 1
0.702601 1
0.158697 1
0.351794 1
0.287160 1
0.863289 1
0.214595 1
0.574919 1
0.111536 1
0.274747 4
1.584769 1
0.287588 1
0.425352 1
0.336246 1
0.604883 1
0.246152 1
0.989739 1
1.310618 2
0.057992 32
2.073398 2
0.150210 29
0.030331 31
0.000140 31
0.000089 2
0.011526 32
0.000288 32
0.072954 33
0.000218 33
0.294371 33
0.000160 2
0.000092 33
0.000217 33
0.004008 35
0.000130 2
0.484154 79
0.000179 2
0.000203 94
0.000099 2
0.000424 90
0.000070 2
0.000239 91
0.000063 2
0.000126 101
0.000062 2
0.000090 95
0.000059 2
0.000115 92
0.000141 2
0.000217 90
0.000106 2
0.000293 101
0.000062 2
0.000441 86
0.000068 2
0.000210 97
0.000075 2
0.000132 95
0.000061 2
0.002045 29
0.000136 2
0.000161 41
0.000076 2
0.002505 52
0.000174 2
0.000893 14
0.000098 2
0.005651 19
0.000146 2
0.000093 28
0.000074 2
0.165710 45
0.000197 2
0.001191 21
0.000143 2
0.032873 63
0.000173 2
0.000342 31
0.000083 2
0.000213 69
0.000107 2
0.000117 24
0.000071 7
1.733913 1
0.495866 2
0.019164 18
0.000181 4
0.123925 2
0.322310 14
0.000351 95
0.000086 2
0.000132 40
0.000105 4
0.002655 41
0.000116 13
0.000082 4
0.164583 143
0.499423 38
0.000166 4
0.499852 38
0.000289 4
0.500344 38
0.000381 4
0.121322 39
0.000207 14
0.000115 4
0.000075 16
0.000100 31
0.000064 2
1.278534 1
0.000242 15
0.105303 59
0.001371 2
0.001061 23
0.097127 25
0.000236 26
0.000182 26
0.000163 26
0.000152 26
0.000123 26
0.000122 26
0.000132 26
0.000142 26
0.066956 26
0.169419 26
0.099110 26
0.091228 26
0.093045 26
0.118958 26
0.109488 26
0.085861 26
0.083783 26
0.079363 26
0.142568 27
0.000194 22
0.000121 50
0.000101 2
0.016979 58
0.000222 2
0.002282 133
0.003224 133
0.001403 42
0.000154 2
0.038617 133
0.055266 47
0.000278 2
0.057683 52
0.000254 2
0.000555 133
0.006740 30
0.000182 2
0.168518 133
0.103725 43
0.000218 2
0.003010 133
0.002100 133
0.001329 31
0.000164 2
0.009954 133
1.604210 133
0.017176 44
0.001615 2
4.123051 57
0.000166 2
0.230466 52
0.000181 2
0.087593 54
0.000314 2
1.452372 2
0.000175 15
0.000074 3
4.810732 72
2.487271 1
0.246694 1
0.351082 1
0.111882 1
0.190954 1
0.359132 1
1.592786 2
0.005761 59
0.016064 256
0.000139 256
0.000092 256
0.000083 256
0.000081 256
0.000104 175
1.210897 54
4.408681 573
0.000088 82
5.600828 6
3.685048 256
0.002698 27
0.041092 78
4.659400 54
1.070458 3
0.590096 3
0.183282 3
0.151665 3
1.143521 10
0.141624 10
0.183448 10
0.223478 10
0.415832 238
1.732074 5
2.441616 59
0.695964 3
0.183033 3
0.167483 3
0.169293 3
1.196912 10
0.142600 10
0.206251 10
0.223540 10
0.487934 236
44.928791 6
0.033542 1
0.765702 3
0.246457 3
0.215576 3
0.231449 3
0.191560 3
0.088027 3
0.144421 3
0.885930 3
0.150813 3
0.310744 3
0.279211 3
1.900445 3
0.128035 3
0.517979 3
0.162040 3
0.094622 3
0.303040 3
0.151278 3
1.397186 6
0.199412 6
0.159208 6
0.175920 6
0.167636 6
0.144169 3
0.813216 3
0.135986 3
0.774230 3
0.278324 3
0.160272 3
0.295915 3
1.261670 3
0.230229 3
0.423675 3
0.119999 3
0.390072 3
0.974487 3
0.296533 3
0.157891 3
1.374347 3
0.222541 3
0.263836 3
2.226619 3
0.390245 3
0.319641 3
0.239193 3
0.168466 3
0.159194 3
0.207830 3
0.478730 3
0.648506 3
0.229235 3
0.687113 3
1.069050 3
0.113777 3
0.308316 3
0.176614 3
1.591223 19
4.283870 8
4.790429 1
0.181941 1
0.366350 1
0.312726 1
0.805777 1
0.270625 1
0.327395 1
0.494210 4
0.073127 1
1.307988 1
0.702532 1
0.145349 1
0.301862 1
0.569784 32
0.132814 1
1.001771 1
1.003522 1
1.005388 1
1.001984 1
1.002877 1
1.001815 1
1.001895 1
1.009521 1
1.001945 1
1.005897 1
1.010704 1
0.998951 1
1.008908 1
0.997082 1
1.004161 1
1.000713 1
0.424955 1
0.578186 1
1.003970 1
0.485843 3
0.506670 1
0.999296 1
1.005859 1
0.999001 1
1.002864 1
0.554136 6
0.447140 15
1.000837 15
0.771157 165
14.143781 1
0.446439 1
0.439768 155
0.002785 17
1.009161 17
1.005517 17
1.001677 17
1.005451 17
1.007959 17
0.996050 17
0.997121 17
0.997349 17
0.876942 2
0.119900 17
0.406896 49
0.591989 17
0.342127 3
0.498454 3
0.033066 3
0.030740 3
0.034010 3
0.027176 3
0.033454 17
0.008964 3
0.019057 3
0.031509 3
0.031274 3
0.033480 3
0.034325 3
0.033730 3
0.030685 3
0.031224 3
0.030418 3
0.030709 3
0.030723 3
0.030998 3
0.032260 3
0.553113 3
0.045245 17
0.154517 3
0.846280 17
0.207017 31
0.454850 31
0.336633 17
0.526380 19
0.000370 15
0.474972 15
0.528257 15
0.471056 15
0.528452 15
0.472464 15
0.529887 15
0.473550 15
0.529060 15
0.471533 15
0.530524 15
0.473555 15
0.527796 15
0.475808 15
0.526077 15
0.475122 15
0.528336 15
0.472832 15
0.527202 15
0.476884 15
0.526372 15
0.474747 15
0.527021 15
0.473572 15
0.212762 165
0.792588 17
0.492377 1
0.264723 1
0.244384 17
0.083347 545
0.000980 14
0.000943 73
0.915932 17
0.088900 17
0.701974 1
0.218808 17
0.042986 1
0.037769 17
0.289310 1
0.135313 1
0.312033 641
0.184050 17
0.086705 17
0.926637 17
0.076935 17
0.925986 17
0.074973 17
0.925029 17
0.077967 17
0.947726 17
0.057995 17
0.382718 4
0.000387 9
0.000349 49
0.000290 53
0.087499 49
0.000455 55
0.000290 40
0.000200 19
0.483713 17
0.053962 17
0.943930 17
0.055138 17
0.972713 17
0.044404 17
1.015058 17
0.001134 258
1.003471 16
0.002026 16
1.000160 16
0.010691 16
0.999172 16
0.005226 16
1.002207 16
0.033125 16
0.965353 17
0.031891 17
0.967759 17
0.033180 17
0.969216 17
0.032949 17
0.971492 17
0.030268 17
0.985110 17
0.016612 17
0.988779 17
0.009843 17
0.990588 17
0.016153 17
0.984081 17
0.016499 17
0.985183 17
0.017391 17
0.984256 17
0.019316 17
0.991264 17
0.008407 17
0.994270 17
0.029019 17
0.982494 17
0.028467 17
0.981522 17
0.015437 17
0.998990 17
0.006902 17
0.997304 17
0.011561 17
0.989446 17
0.018529 17
0.982888 17
0.017435 17
0.983640 17
0.020227 17
0.982083 16
0.020062 14
0.988757 12
0.016645 10
0.985287 10
0.018357 12
0.981255 14
0.020270 16
0.984546 17
0.015158 17
0.994789 17
0.007231 17
0.994784 17
0.009189 17
0.987236 17
0.014966 17
0.998530 17
0.002209 17
0.995344 17
0.015501 17
0.982828 17
0.017999 17
0.986852 17
0.012403 17
0.978866 17
0.019090 17
0.980904 17
0.022854 17
0.990128 17
0.018075 17
0.990746 17
0.010849 17
1.001996 17
0.010463 17
0.887537 4
0.109832 17
0.007349 17
0.382055 4
0.032634 4
0.031942 4
0.029104 4
0.033065 4
0.028686 4
0.031025 4
0.029760 4
0.032111 4
0.029169 4
0.030873 4
0.030082 4
0.030297 4
0.031673 4
0.031718 4
0.031398 4
0.031550 4
0.030343 4
0.031312 4
0.030823 4
0.033522 17
0.007953 17
0.003309 4
0.021034 4
0.027101 4
0.036353 4
0.035688 4
0.018965 4
0.030490 4
0.031413 4
0.033245 4
0.128429 10
0.302018 30
0.201395 20
0.123823 17
0.019007 17
0.381890 1
0.246074 1
0.362061 17
0.012510 17
0.073276 1
0.183936 1
0.739279 17
0.009055 17
0.512270 1
0.480422 1
0.012620 17
0.009521 17
0.286725 1
0.527760 626
0.176075 17
0.013487 17
0.994359 17
0.012285 17
1.002701 17
0.009945 17
0.995871 18
0.009016 18
0.993579 18
0.009375 18
0.995909 18
0.015311 373
0.973459 1
0.024985 16
0.009313 16
0.029228 1
0.399592 1
0.271347 1
0.144573 1
0.134310 1
0.025761 16
0.005704 16
1.008014 16
0.011484 16
0.401748 1
0.487958 1
0.100456 16
0.013135 16
0.197257 1
0.462448 1
0.336252 17
0.008746 17
0.205655 1
0.247849 1
0.550700 17
0.007731 17
0.471080 1
0.523111 17
0.011811 17
1.004617 17
0.006640 17
0.991959 17
0.013617 17
0.982630 17
0.014247 17
0.982444 17
0.013211 17
0.983354 17
0.016673 17
0.991180 17
0.006633 17
0.999367 17
0.008715 17
0.430806 1
0.264015 1
0.160889 1
0.134513 17
0.016068 17
0.017455 1
0.518158 1
0.450267 17
0.014055 17
0.318234 597
0.002128 50
0.001079 617
0.000638 73
0.669789 17
0.010016 17
0.988755 17
0.014270 17
0.997764 17
0.008686 17
0.991959 17
0.011538 17
1.009125 17
0.001684 17
1.004793 17
0.013363 17
1.004067 17
0.007029 17
1.004674 17
0.006636 17
0.996841 17
0.015112 17
0.999460 17
0.009460 17
0.991346 17
0.016979 17
0.787617 18
0.198474 17
0.015290 17
0.625075 3
0.192012 3
0.176485 17
0.008674 17
0.685169 3
0.199013 3
0.108132 17
0.013207 17
0.356091 4
0.192629 4
0.142749 4
0.159325 4
0.141177 17
0.013767 17
0.036474 4
0.959743 17
0.010931 1
0.003603 17
0.986684 17
0.019906 17
0.075121 670
0.000767 46
0.000468 665
0.007591 73
0.902842 17
0.016550 17
1.001711 17
0.010481 17
1.003430 17
0.003042 17
0.840752 14
0.162583 17
0.012315 17
0.989868 17
0.015999 17
0.998564 17
0.004029 17
0.997109 17
0.007886 17
0.165012 3
0.295536 3
0.142265 3
0.152007 3
0.244956 17
0.012017 17
0.247136 3
0.412946 13
0.199213 13
0.126479 17
0.011837 17
0.684763 13
0.183189 3
0.114775 17
0.014052 17
0.031739 3
0.183453 3
0.175394 3
0.415910 3
0.178882 17
0.013069 17
0.183427 15
0.158509 15
0.650031 17
0.009879 17
0.059423 22
0.270067 3
0.207686 3
0.280003 3
0.151936 3
0.034916 17
0.012422 17
0.095434 3
0.215746 3
0.199853 3
0.143381 3
0.120164 3
0.175104 3
0.034337 17
0.020330 17
0.263745 19
0.440145 695
0.001925 8
0.000138 45
0.000183 19
0.000243 737
0.000496 73
0.276744 17
0.020132 17
0.545826 17
0.451174 17
0.007011 17
0.993212 18
0.009592 18
0.994725 18
0.013615 8
0.001067 18
0.259815 15
0.724218 18
0.023042 488
0.976943 16
0.024312 16
0.917456 4
0.062289 16
0.022983 16
0.105649 4
0.342042 4
0.534877 16
0.018867 16
0.549813 1
0.440968 16
0.010578 16
0.991204 17
0.010262 17
0.990895 17
0.016466 17
0.029706 1
0.121727 1
0.842076 17
0.014672 794
0.002090 14
0.006676 50
0.010942 810
0.003365 73
0.985582 17
0.007149 17
0.995048 16
0.011206 14
1.002941 12
0.008370 10
0.994505 10
0.012237 12
0.988746 14
0.013282 16
0.997211 17
0.010948 17
0.989270 17
0.015254 17
0.990352 17
0.013482 17
0.998246 17
0.007461 17
0.998667 17
0.008501 17
0.992628 17
0.010710 17
0.994138 17
0.012209 17
0.987390 17
0.016386 17
0.999271 17
0.008898 17
0.987391 17
0.010311 17
0.984381 17
0.014330 17
0.993002 17
0.004933 17
0.331000 1
0.183561 1
0.216173 1
0.142884 1
0.117849 17
0.011653 17
0.989981 17
0.011875 17
0.986394 17
0.018680 17
0.988739 17
0.008598 17
0.989573 17
0.011146 17
0.998594 17
0.008183 17
0.991455 17
0.010364 17
1.001910 17
0.009016 17
0.993572 17
0.011436 17
0.987658 17
0.013714 17
1.002165 17
0.008977 17
0.990372 17
0.016898 17
0.995019 17
0.008697 17
0.992300 17
0.016417 17
0.985387 17
0.016951 17
0.141608 1
0.842276 17
0.018853 17
0.727450 1
0.160453 1
0.095337 17
0.018824 17
0.983146 17
0.016397 17
0.625452 1
0.092794 1
0.101194 1
0.167424 17
0.017027 17
0.991806 17
0.014035 17
0.653866 910
0.352537 17
1.008786 17
1.003423 17
0.305852 1
0.432411 1
0.270949 17
0.145495 1
0.117085 1
0.630872 1
0.115785 17
0.107964 1
0.239824 1
0.279056 911
0.376059 17
1.002069 17
1.002588 17
1.012466 17
0.994103 17
0.998275 18
1.000417 18
0.997957 18
0.998175 18
1.006971 18
1.006883 603
1.005567 16
1.008654 16
1.028288 16
0.997810 16
0.999675 16
1.004173 16
1.008455 16
1.006143 16
1.004200 17
1.001457 17
1.009256 17
1.001637 17
1.002137 17
1.014540 17
1.009130 17
1.003218 17
1.001230 16
1.001781 14
1.003065 12
1.001559 10
1.010984 10
1.002274 12
1.012703 14
1.007101 16
0.866506 1
0.134082 16
0.046184 1
0.209831 1
0.144190 1
0.605356 12
0.248896 1
0.748040 12
0.997606 14
0.513894 1
0.144936 1
0.339784 12
0.049251 1
0.200022 1
0.487409 1
0.262496 10
0.996995 10
1.002072 12
0.061111 960
0.870067 10
0.470796 15
0.613948 870
29.133071 8
2.690033 162
2.531022 1
0.214746 1
0.224294 1
0.175367 1
0.264096 121
5.626906 1
0.270049 1
0.255676 1
0.223782 1
0.744457 25
0.006113 256
0.000163 256
0.000088 256
0.000032 256
45.256597 8
1.260372 1
0.223901 1
0.350848 1
0.143606 1
0.838416 1
0.087334 1
0.287407 1
0.503989 860
36.620448 1
0.192323 1
0.174776 1
0.238652 1
0.529824 705
0.001989 33
0.000270 25
0.001287 72
2.371773 1
0.200232 1
0.313839 1
0.215151 1
0.542516 8
