0.052606 63
100.481663 1
0.454169 1
0.263360 1
0.614704 1
0.167374 1
0.231572 1
0.311441 1
0.335040 1
1.931757 1
0.378327 1
4.338827 1
0.247379 1
0.477906 1
1.517861 4
0.183246 4
3.097113 1
0.183541 1
1.420677 1
0.342683 1
1.525167 4
1.452592 1
0.301889 1
1.047274 1
0.103463 1
0.502794 1
0.302408 1
0.416154 4
0.191528 4
0.175641 4
0.438926 4
0.295317 4
0.500758 4
0.030615 4
0.031119 4
0.034067 4
0.031320 4
0.031075 4
0.030440 4
0.030578 4
0.030041 4
0.032632 1
0.031680 1
0.032381 1
0.034213 1
0.033581 1
0.032671 1
0.031955 1
0.529332 1
0.127830 1
0.200074 2
0.003351 80
0.000096 2
0.000073 81
0.000060 2
0.000068 70
0.000059 2
0.000068 82
0.000081 2
0.000071 57
0.000059 2
0.000067 69
0.000059 2
0.000067 69
0.000059 2
0.000068 57
0.000058 2
0.000068 56
0.000058 2
0.000067 68
0.000104 2
0.000039 56
0.000024 2
0.000032 80
0.000045 2
0.000036 68
0.000024 2
0.000033 68
0.000024 2
0.000033 54
0.000024 2
0.000032 32
0.000024 2
0.000508 63
5.128365 2
0.716102 4
0.183784 4
0.159439 1
0.463044 1
0.303320 1
0.295310 1
0.247502 1
0.550662 1
0.159765 1
1.931482 1
0.510888 1
0.167527 1
1.197514 4
0.207335 4
0.151656 1
1.835962 1
0.718235 1
0.183600 1
1.037630 4
0.167594 4
1.636265 1
0.207183 1
0.982491 1
0.310971 1
0.231143 7
1.605336 2
0.003666 63
4.928719 1
0.215193 1
0.274323 1
1.522105 1
0.145265 1
0.893188 2
0.000639 56
0.000071 2
0.000220 56
0.000066 2
0.000075 66
0.238428 2
0.000536 56
0.000061 2
0.000071 56
0.000052 2
0.000066 66
3.102791 1
0.502678 1
0.311366 1
0.855562 1
1.315545 1
0.232766 1
0.988605 1
0.271196 1
0.894039 4
0.501844 4
0.033453 4
0.029489 4
0.031039 4
0.033629 4
0.031029 4
0.030828 4
0.031005 4
0.032921 1
0.031800 1
0.031974 1
0.030687 1
0.031970 1
0.030793 1
0.029889 1
0.032155 1
0.032962 1
0.031687 1
0.030047 1
0.031288 1
0.030751 1
0.032063 1
0.030523 1
0.034478 1
0.030722 1
0.033056 1
0.032827 1
0.766248 1
0.207555 1
1.269075 1
0.255525 1
0.415017 1
0.215650 7
1.006122 2
0.003313 45
0.000144 2
0.001168 46
0.000079 2
0.000749 90
0.000064 63
49.477423 12
0.642820 2
0.003001 45
0.000095 2
0.001115 45
0.000076 2
0.000748 63
20.413422 12
0.565616 2
0.002903 45
0.000148 2
0.000809 63
10.013274 12
0.917989 2
1.012610 3
1.004774 3
1.005262 3
1.004934 3
1.003598 3
0.851682 81
140.250048 12
0.861486 55
1.077940 1
0.804015 7
0.135618 3
0.312622 2
0.003003 63
0.676306 19
0.174801 70
1.028469 1
0.454677 7
0.119687 3
0.359525 2
0.002786 62
0.000090 2
0.000075 75
0.000061 2
0.000428 63
54.907467 12
0.970345 2
0.003622 63
331.169296 1
0.151382 1
0.238997 1
0.191623 1
0.584924 8
