0.058173 72
3.842616 1
0.982669 1
1.941327 1
0.124420 1
0.156683 1
0.897397 1
0.370600 1
0.191397 1
0.681545 4
0.182311 4
0.560821 1
0.152215 1
1.424884 1
1.895267 1
0.237267 1
0.234737 1
0.318495 4
0.183125 4
0.163360 4
1.338459 1
0.155701 1
0.235210 1
0.208873 1
2.202506 1
0.299446 1
0.200987 1
0.117853 1
0.313375 1
0.381718 1
1.224189 1
0.485812 1
0.272470 1
1.239418 2
0.002744 4
0.000182 17
0.000151 27
0.000065 2
0.000078 4
0.000064 19
0.000065 27
0.000060 2
0.010570 72
2.224228 22
0.441899 1
0.496073 1
0.030554 1
0.031988 1
0.032581 1
0.029917 1
0.028757 1
0.029877 1
0.030908 1
0.031253 1
0.030153 1
0.030168 1
0.030032 1
0.187378 1
0.199895 1
0.158847 1
0.145914 1
0.658540 39
0.452665 2
0.007523 72
186.572460 1
0.142328 1
1.018098 1
4.423873 1
23.107728 1
0.127912 1
0.506849 1
2.973056 3
0.189176 3
4.757759 3
1.154238 3
0.652909 3
0.427351 3
0.145656 3
0.266697 3
1.068234 3
0.076971 3
1.204318 1
0.332292 1
2.302953 5
0.542136 5
0.215818 5
0.226405 5
0.215864 5
0.899339 5
0.777964 5
0.474887 5
0.135888 5
0.482842 1
2.015728 7
0.384595 7
1.539277 7
0.384032 7
1.489438 7
0.246882 7
0.203202 7
0.321911 7
0.195323 7
0.142478 7
0.344671 7
0.177347 7
0.113990 7
1.059069 7
0.417773 7
0.300396 7
0.640054 7
1.076985 7
4.287212 7
1.988381 7
1.891745 3
3.980717 5
0.831155 5
0.343721 5
1.026246 5
0.619822 5
0.446849 5
0.275380 5
0.402872 5
0.155993 5
0.136462 5
0.231002 5
1.220510 5
0.833800 248
0.248503 250
0.738570 4
2.844486 5
2.526324 5
0.315319 5
0.481188 5
0.402844 5
0.533640 5
0.348467 5
1.077439 9
0.346464 5
0.886214 5
0.389033 5
0.788761 5
1.310268 5
0.302892 5
5.519489 3
0.236928 3
0.553715 1
0.463194 1
0.234171 1
1.153312 1
0.221842 1
3.943084 1
0.258575 5
1.980612 2
0.001642 8
0.000091 24
0.000067 2
0.000456 72
7.180897 82
0.707059 1
0.498944 1
0.030667 1
0.032462 1
0.030640 1
0.030617 1
0.030090 1
0.029059 1
0.030618 1
0.031219 1
0.030118 1
0.030353 1
0.030184 1
0.030518 1
0.029720 1
0.030213 1
0.029934 1
0.030633 1
0.031416 1
0.030063 1
0.032193 1
0.031378 1
0.029232 1
0.030824 1
0.032086 237
0.027752 1
0.030006 1
0.031046 1
0.031364 1
0.030463 1
0.029747 1
0.030578 1
0.031308 1
0.030579 1
0.031376 1
0.031036 1
0.031213 1
0.029224 1
0.030819 1
0.031056 1
0.030027 1
0.030096 1
0.030550 1
0.030528 1
0.031110 1
0.031787 1
0.031034 1
0.121482 3
0.157560 3
0.166420 3
0.172166 3
0.177804 3
0.164109 3
0.179513 3
0.169661 3
0.167014 3
0.186456 3
0.164435 3
0.141889 3
0.612598 232
0.334894 235
2.010227 5
0.001116 72
62.225333 76
5.903744 1
67.999128 82
1.186659 1
0.333906 217
0.698483 1
0.190791 1
0.500482 1
0.030366 1
0.032481 1
0.029744 1
0.031338 1
0.030192 1
0.031219 1
0.030373 1
0.030414 1
0.030453 1
0.030139 1
0.031493 1
0.030695 1
0.031000 1
0.030369 1
0.030025 1
0.031527 1
0.028362 1
0.030415 1
0.029830 1
0.030577 1
0.029309 1
0.030689 237
0.031628 1
0.031631 1
0.032081 1
0.031731 1
0.030441 1
0.026570 1
0.030807 1
0.030788 1
0.030828 1
0.031535 1
0.030163 1
0.031544 1
0.029898 1
0.034578 1
0.030402 1
0.031872 1
0.028453 1
0.027985 1
0.033448 1
0.028297 1
0.124410 3
0.499763 106
0.494434 1
0.501247 1
0.031589 1
0.031124 1
0.030956 1
0.028312 1
0.031232 1
0.029948 1
0.030500 1
0.030852 1
0.031132 1
0.031171 1
0.030397 1
0.030980 1
0.030772 1
0.031414 1
0.029771 1
0.031287 1
0.029897 1
0.031221 1
0.030251 1
0.032045 1
0.029821 1
0.031864 1
0.030204 237
0.030226 1
0.030812 1
0.030442 1
0.029578 1
0.032697 1
0.030776 1
0.028645 1
0.030727 1
0.030863 1
0.030669 1
0.031586 1
0.029598 1
0.032718 1
0.031409 1
0.028940 1
0.031441 1
0.029973 1
0.031476 1
0.030153 1
0.030727 1
0.031385 1
0.031176 1
0.031372 1
0.031104 1
0.030478 1
0.030666 1
0.030821 1
0.030031 1
0.031592 1
0.031486 1
0.028950 1
0.031029 1
0.029805 1
0.030619 1
0.031811 1
0.030304 1
0.029594 1
0.031204 1
0.030084 1
0.031001 1
0.032607 1
0.030320 1
0.030768 1
0.033016 1
0.024355 1
0.031476 1
0.032147 1
0.033870 1
0.031482 1
0.031564 1
0.264961 1
0.402317 3
0.236725 3
0.167749 3
0.613982 156
0.618867 159
2.518193 5
0.000401 28
0.000084 2
0.000080 26
0.000110 2
0.000088 28
0.000065 2
0.000074 28
0.000066 2
0.000072 28
0.000064 2
0.000072 28
0.000063 2
0.000552 72
71.260186 1
0.270437 1
0.161717 1
0.186120 1
1.497915 4
0.267238 4
0.591828 1
0.220047 1
0.261462 1
2.229831 1
0.454614 1
0.179809 1
0.209419 1
0.438722 1
0.433125 1
1.991747 4
0.158642 4
0.174991 4
0.184900 4
0.431897 4
2.569034 1
0.212944 1
0.198861 1
0.234209 1
0.361980 1
0.941948 1
0.830545 4
0.700722 2
0.004207 72
2.323619 1
0.231921 1
1.393419 4
0.169727 4
0.977452 1
0.188071 1
0.388744 1
0.395227 1
0.138463 1
0.212184 1
0.694408 1
0.244052 1
1.521959 1
0.170184 1
0.170830 1
0.157127 1
0.184587 1
0.228302 1
0.150642 1
0.148220 1
0.469758 3
0.376225 5
0.184898 5
0.252321 2
0.015481 39
0.008146 64
0.000187 22
0.000257 1975
0.000117 356
2.392158 1
8.004019 1
6.622307 1
0.836214 1
1.285230 1
1.409551 41
3.189421 8
0.882282 1
2.194269 14
0.100938 13
0.025527 13
0.263481 13
0.016722 13
0.474573 13
0.174934 13
0.222357 13
0.157325 13
2.578848 98
1.575679 13
0.862573 98
0.785235 72
0.720279 72
1.844804 16
1.712881 28
1.212003 1
0.402910 1
0.504151 76
0.000477 72
115.190243 1
0.130677 1
0.339470 1
1.834223 1
0.228648 1
0.300859 1
2.501312 1
0.503563 1
1.339205 1
1.070921 1
1.159491 1
0.291452 1
0.220138 1
0.086914 1
0.384743 1
1.493585 1
0.974135 1
2.259531 1
1.551075 1
0.348601 1
0.209992 1
0.235375 1
0.300450 1
2.557462 4
0.235728 4
0.147276 4
0.156452 4
0.643532 1
0.280387 1
0.246254 1
0.169387 1
3.050424 1
1.773369 2
0.003335 7
0.000099 2
0.000073 7
0.000064 2
0.000071 7
0.000083 2
0.000457 72
561.650645 24
0.722865 67
763.772024 24
0.167396 89
0.939904 35
0.498942 93
0.030748 94
0.030565 214
0.030940 167
0.034573 35
0.034041 29
0.028621 56
0.028277 71
0.030717 18
0.031037 18
0.029778 23
0.029924 19
0.030163 26
0.030949 43
0.684995 75
0.473586 43
0.188354 75
0.159964 42
0.166506 84
0.143445 68
0.383322 87
0.590240 87
0.569908 1
0.498860 1
0.030400 1
0.032262 1
0.038208 1
0.026972 1
0.027217 1
0.030579 1
0.031206 1
0.383260 3
0.231045 3
0.168013 3
0.185786 3
0.409142 3
0.517875 3
0.172422 3
0.169608 3
0.440681 7
0.158343 7
0.163193 7
0.154842 7
0.158135 7
0.168362 7
0.179867 7
5.144625 13
4.329384 2
0.008733 72
1.832435 27
0.748759 92
0.615432 91
0.184584 67
7.237721 27
0.444866 92
1.099791 89
0.169588 35
0.555578 93
0.635505 125
0.182287 35
0.147463 49
0.702585 4
0.499581 4
0.031172 4
0.031936 4
0.030995 4
0.029801 4
0.032326 4
0.034902 4
0.027507 4
0.030561 4
0.030873 4
0.030530 4
0.030630 4
0.031150 4
0.030542 4
0.030256 4
0.029496 4
0.030077 4
0.035286 4
0.030256 4
0.032024 4
0.031034 4
0.024711 4
0.030806 4
0.030999 1
0.032025 1
0.035921 1
0.024053 1
0.030551 1
0.029919 1
0.030685 1
0.031749 1
0.032109 1
0.342445 1
0.566730 4
0.264228 1
0.195179 1
0.190222 1
0.987612 1
0.158573 1
1.175551 1
0.272649 1
0.109986 14
2.024221 2
3.735106 1
0.190979 1
0.213145 1
0.215533 1
2.030060 1
0.199859 1
0.139548 1
0.429385 1
1.038342 4
0.188261 4
0.833974 3
0.154770 3
0.174614 6
0.167277 3
0.150115 3
0.147827 6
0.162792 3
0.949299 3
0.192172 3
0.409143 3
0.392664 1
0.209894 1
0.174163 1
0.350035 1
0.815545 2
11.541718 1
0.926128 1
3.599791 3
1.783141 2
0.055464 32
2.852601 2
0.005228 7
0.000296 21
0.000081 2
0.000131 40
0.000106 2
6.170318 2
0.028090 72
3.646585 19
0.183504 84
1.246316 121
1.047777 2
1.802877 1
0.593347 1
0.192753 1
0.138206 1
1.748811 1
0.265076 1
0.109616 1
0.259270 1
1.035298 2
1.697955 1
0.515325 1
0.260305 1
0.324858 2
1.536720 2
0.022637 72
176.119799 19
0.145727 84
0.160976 92
1.192588 91
0.437532 1
0.497908 1
0.030715 1
0.033351 1
0.027332 1
0.241773 1
0.171265 1
0.168166 1
0.156588 1
0.186798 1
0.732176 5
0.166505 5
0.449860 2
0.006172 72
0.970676 27
0.603555 67
0.203185 1
0.642845 27
0.543102 107
0.798796 1
0.160070 1
0.190742 1
0.314984 1
0.174963 1
0.180404 1
0.181559 1
0.184790 1
0.182839 1
0.188652 1
0.831976 5
0.235328 5
32.353196 2
0.005276 6
0.000111 30
0.000069 2
0.001082 72
35.791303 19
0.501890 1
0.579793 3
3.129289 1
0.260524 1
0.160228 1
0.604235 1
0.263940 1
0.597071 1
0.145397 1
0.127985 1
0.041969 1
0.680866 2
0.003556 6
0.000656 30
0.000072 2
0.001032 72
130.627570 28
1.113115 1
2.732709 1
3.999655 1
2.517165 4
82.929956 1
0.718919 4
0.213458 1
0.897578 1
1.516993 1
0.270906 1
0.757067 1
0.491092 1
1.021636 4
0.180154 4
0.149971 4
0.179318 4
0.815086 1
0.623047 1
0.427564 1
0.199953 2
3.756794 2
0.002553 6
0.000104 35
0.000095 2
0.001039 72
7.565342 34
32.786139 1
0.384205 7
0.328062 3
0.246349 4
0.159936 4
0.161546 4
0.152159 4
0.441041 1
0.499525 1
0.031154 1
0.032536 1
0.031946 1
0.029800 1
0.030182 1
0.030775 1
0.030372 1
0.031075 1
0.755665 5
0.500459 5
0.108302 5
0.297298 5
0.322714 5
0.589094 5
0.795867 2
0.002630 6
0.000665 16
0.000169 27
0.000067 2
0.000095 6
0.000067 7
0.000119 27
0.000093 2
0.001639 72
48.280293 35
2.537533 1
0.501284 1
0.032596 1
0.191548 1
0.178580 1
0.172269 1
0.173305 1
0.168154 1
0.172872 1
0.183479 1
0.169069 1
15.766706 1
0.200063 1
0.171423 1
0.164086 1
0.205658 1
3.378154 3
0.197393 3
0.188769 3
0.178660 3
0.306889 3
0.860076 5
0.140016 5
0.160466 5
0.179033 5
0.147499 5
1.132593 5
11.237172 5
2.501962 5
0.931454 5
0.714260 5
1.365064 5
5.645289 1
0.400190 2
0.000281 39
0.000079 2
0.000098 45
0.000059 2
0.000089 48
0.000057 2
0.000086 48
0.000057 2
0.000085 39
0.000057 2
0.000084 37
0.000056 2
0.000108 37
0.000059 2
0.000086 57
0.000057 2
0.000087 52
0.000056 2
0.000085 50
0.000060 2
0.000050 50
0.000020 2
0.000045 49
0.000019 2
0.000046 48
0.000019 2
0.000045 48
0.000019 2
0.000044 38
0.000021 2
0.000344 48
0.000036 2
0.000084 48
0.000034 2
0.000102 50
0.000042 2
0.000122 48
0.000052 2
0.000141 48
0.000052 2
0.000094 48
0.000070 2
0.000057 42
0.000020 2
0.000047 56
0.000019 2
0.000046 54
0.000019 2
0.000046 54
0.000019 2
0.000045 53
0.000020 2
0.000046 52
0.000020 2
0.000045 52
0.000019 2
0.000022 8
0.140607 1
0.144185 1
3.038025 3
2.548889 1
1.698138 76
1.644432 35
4.740400 1
0.165447 1
0.153788 1
0.141491 1
0.148708 1
0.140121 1
0.146975 1
0.149940 1
0.147446 1
0.151323 1
0.142916 1
6.143140 5
0.826661 7
1.541402 2
0.002118 6
0.000514 20
0.000234 27
0.000077 2
0.000092 6
0.000066 7
0.000065 27
0.000061 2
0.001082 72
2.626263 39
0.595273 1
0.500712 1
0.033443 1
0.031353 1
0.029937 1
0.031681 1
0.029770 1
0.032855 1
0.032900 1
0.030319 1
0.033552 1
0.026819 1
0.033673 1
0.029106 1
0.034676 1
0.029461 1
0.032863 1
0.029174 1
2.877453 3
0.501266 3
0.033072 3
0.030593 3
0.033062 3
0.033042 3
0.028445 3
0.032962 3
0.025321 3
0.030850 3
0.030961 3
0.030163 3
0.029898 3
0.029985 3
0.031114 3
0.030782 3
0.385257 3
1.907698 1
0.501357 1
0.032180 1
0.030030 1
0.031205 1
0.030569 1
0.030808 1
0.031817 1
0.030325 1
0.031800 1
0.029786 1
0.353067 3
0.203172 3
1.134782 1
0.847542 5
0.171181 5
0.158265 5
0.137305 5
0.135292 5
0.156544 5
0.155043 5
0.144387 5
0.120334 5
0.671146 5
0.971362 5
0.190548 5
0.815892 5
0.150505 5
0.586655 3
0.195119 3
0.126912 3
0.184425 3
0.134585 3
0.440405 5
0.178760 5
0.152821 5
0.175865 5
2.704333 13
0.921919 5
0.192859 5
0.161898 5
0.162632 6
0.157279 5
0.679268 9
0.422197 5
0.487712 9
0.586510 3
0.195296 3
0.174231 3
0.169536 3
0.155393 3
0.636900 3
2.103647 2
0.007617 6
0.000213 12
0.002144 27
0.000196 2
0.000195 6
0.000142 7
0.000231 27
0.003785 2
0.001607 72
7.352324 30
0.462640 1
0.499266 1
0.033509 1
0.031989 1
0.032405 1
0.027910 1
0.030927 1
0.032882 1
0.029367 1
0.030563 1
0.034654 1
0.025915 1
0.030638 1
0.430859 3
0.214821 3
0.167552 3
0.155302 3
0.451979 5
0.211227 5
0.180512 5
0.387141 3
0.593355 1
0.454313 5
0.190099 3
0.134175 3
0.286076 3
0.160746 3
0.144242 3
0.151566 3
0.146190 3
0.159473 3
0.353373 5
0.415056 3
0.663777 2
0.004164 6
0.000114 31
0.000077 2
0.001463 72
44.963919 30
0.658078 2
0.006487 6
0.000124 31
0.000076 2
0.001333 72
1.120969 30
1.817555 1
0.501086 1
0.033905 1
0.031128 1
0.030817 1
0.030302 1
0.030901 1
0.033257 1
0.028633 1
0.029066 1
0.030882 1
0.179986 13
0.746335 2
0.006993 13
0.000140 2
0.000114 22
0.000075 2
0.000077 17
0.000062 2
0.000072 30
0.000058 2
0.000121 39
0.000078 2
0.000106 16
0.000079 2
0.000079 31
0.000058 2
0.001861 52
0.000133 2
0.000156 36
0.000081 2
0.000039 35
0.000020 2
0.000046 47
0.000020 2
0.000033 39
0.000019 2
0.000040 36
0.000019 2
0.000035 35
0.000018 2
0.009398 87
0.000144 2
0.000261 88
0.000099 2
0.000289 87
0.000092 2
0.000115 87
0.000079 2
0.000104 88
0.000068 2
0.000971 111
0.000538 2
0.000096 111
0.000063 2
0.001481 112
0.000095 2
0.000103 112
0.000413 2
0.000107 113
0.000075 2
0.000119 113
0.000072 2
0.000090 112
0.000067 2
0.000088 112
0.000067 2
0.000154 112
0.000075 2
0.000099 112
0.000074 2
0.000215 112
0.000078 2
0.000097 112
0.000067 2
0.000244 113
0.002614 2
0.000146 112
0.000112 2
0.000197 112
0.000115 2
0.000128 112
0.000067 2
0.000092 111
0.000067 2
0.000088 113
0.000068 2
0.001412 88
0.000124 2
0.000116 87
0.000072 2
0.000093 89
0.000070 2
0.000092 88
0.000068 2
0.000092 89
0.000068 2
0.000902 87
0.000080 2
0.000088 88
0.000062 2
0.000080 88
0.000061 2
0.000085 89
0.000060 2
0.000146 88
0.000086 2
0.006313 40
0.000109 2
0.000588 38
0.000093 2
0.000094 72
0.000064 2
0.000092 76
0.000068 2
0.000445 27
0.000075 2
0.000077 29
0.000060 2
0.000291 33
0.000065 2
0.000137 16
0.000063 2
0.000163 31
0.000064 2
0.000072 32
0.000059 2
0.000079 20
0.000060 2
0.000075 23
0.000059 2
0.000071 28
0.000060 2
0.000127 29
0.000062 2
0.000071 29
0.000059 2
0.000074 25
0.000059 2
0.000071 31
0.000059 2
0.002400 27
0.000142 2
0.000098 25
0.000070 2
0.000093 14
0.000068 2
0.000338 29
0.000127 2
0.000205 18
0.000375 2
0.000193 25
0.000151 2
0.000144 20
0.000183 2
0.001157 28
0.000143 2
0.000125 30
0.000107 2
0.000112 28
0.000085 2
0.000107 29
0.000448 2
0.000173 27
0.000134 2
0.000986 28
0.000083 2
0.000081 28
0.000065 2
0.000143 28
0.000072 2
0.000082 28
0.000066 2
0.000078 26
0.000067 2
0.000079 28
0.000066 2
0.000078 28
0.000067 2
0.000079 28
0.000095 2
0.000172 13
0.000110 2
0.000096 13
0.000065 2
0.000082 20
0.000065 2
0.000749 26
0.000079 2
0.000821 31
0.000082 2
0.001316 41
0.000078 2
0.000091 43
0.000066 2
0.000095 36
0.000068 2
0.000131 25
0.000068 2
0.000079 29
0.000067 2
0.007198 60
0.000392 2
0.000175 83
0.000076 2
0.000778 60
0.000108 2
0.000098 59
0.000068 2
0.010419 156
0.002037 2
0.007356 86
0.000164 2
0.000167 65
0.000078 2
0.000088 73
0.000062 2
0.002159 59
0.000303 2
0.000820 73
0.000100 2
0.001378 152
0.000103 2
0.000102 146
0.000071 2
0.000146 145
0.000070 2
0.000090 146
0.000066 2
0.000088 146
0.000083 2
0.000100 152
0.000065 2
0.000086 146
0.000065 2
0.000088 155
0.003142 2
0.000092 146
0.000023 2
0.000041 145
0.000020 2
0.000059 82
0.000020 2
0.000055 63
0.000019 2
0.000043 78
0.000019 2
0.008895 987
0.000731 65
0.001106 90
0.000151 101
0.000077 2
0.000138 77
0.000068 2
0.000088 71
0.000064 2
0.000086 72
0.000064 2
0.000085 65
0.000065 2
0.002324 63
0.000192 2
0.000172 36
0.000395 2
0.000548 37
0.000221 2
0.001368 51
0.000081 2
0.004866 49
0.000127 2
0.000215 49
0.000077 2
0.000093 61
0.000087 2
0.000098 66
0.000095 2
0.000100 72
0.000068 2
0.000090 50
0.000066 2
0.000086 61
0.000065 2
0.000086 57
0.000065 2
0.000085 57
0.000064 2
0.000152 52
0.000065 2
0.000087 64
0.000064 2
0.000086 59
0.000064 2
0.000085 60
0.000064 2
0.000084 48
0.000064 2
0.000085 61
0.000063 2
0.000191 57
0.000065 2
0.000381 64
0.000071 2
0.000087 53
0.000065 2
0.000085 55
0.000065 2
0.000137 50
0.000066 2
0.000087 43
0.000064 2
0.000084 49
0.000063 2
0.001765 49
0.000110 2
0.000121 51
0.000092 2
0.000111 52
0.000074 2
0.000096 40
0.000071 2
0.000114 52
0.000073 2
0.011523 84
0.000039 2
0.001306 241
0.003365 86
0.000940 1196
0.003734 51
0.000110 2
0.000103 40
0.000099 2
0.000165 43
0.000063 2
0.000073 39
0.000060 2
0.000071 40
0.000058 2
0.000069 41
0.000081 2
0.006607 53
0.000116 2
0.003129 50
0.000084 2
0.000614 43
0.000082 2
0.000084 43
0.000067 2
0.000100 45
0.000066 2
0.000618 21
0.000073 2
0.000087 27
0.000064 2
0.000121 12
0.000118 2
0.000092 29
0.000084 2
0.000082 23
0.000065 2
0.000277 28
0.000076 2
0.000730 38
0.003265 2
0.000080 30
0.000028 2
0.006004 28
0.000145 2
0.000157 65
0.000162 2
0.000099 67
0.000061 2
0.001944 64
0.000150 2
0.002019 39
0.000114 2
0.001412 57
0.000105 2
0.000096 51
0.000062 2
0.000080 54
0.000061 2
0.000096 30
0.000060 2
0.000111 27
0.000060 2
0.001626 33
0.000093 2
0.000100 28
0.000066 2
0.000091 29
0.000077 2
0.000137 17
0.000069 2
0.003522 69
0.000134 2
0.000528 69
0.000099 2
0.000105 65
0.000069 2
0.000092 69
0.000065 2
0.000088 65
0.000062 2
0.000463 65
0.000069 2
0.000178 69
0.000061 2
0.001631 69
0.000092 2
0.000786 53
0.000070 2
0.000083 57
0.000058 2
0.000077 50
0.000059 2
0.000626 57
0.000067 2
0.001151 70
0.000079 2
0.002616 79
0.000116 2
0.000126 53
0.000072 2
0.012814 122
0.000408 71
0.000082 2
0.000091 79
0.000061 2
0.000114 79
0.000163 2
0.000086 71
0.000061 2
0.000079 70
0.000059 2
0.000080 71
0.000060 2
0.000077 71
0.000060 2
0.000077 69
0.000059 2
0.000100 76
0.000084 2
0.000083 74
0.000059 2
0.000080 74
0.000059 2
0.000087 67
0.000059 2
0.002582 97
0.000123 2
0.000811 96
0.000087 2
0.000621 96
0.000079 2
0.000738 97
0.000074 2
0.000625 96
0.000073 2
0.000533 96
0.000069 2
0.000332 96
0.000102 2
0.001650 97
0.000110 2
0.000806 96
0.000126 2
0.001029 96
0.000082 2
0.000698 96
0.000139 2
0.000748 96
0.000088 2
0.000676 96
0.000089 2
0.000629 97
0.000074 2
0.001303 97
0.000072 2
0.000554 96
0.000229 2
0.000093 97
0.000060 2
0.000485 96
0.000072 2
0.000662 96
0.000073 2
0.000617 97
0.000067 2
0.000569 96
0.000072 2
0.001024 96
0.003123 2
0.006755 196
0.000607 99
0.000674 197
0.000518 98
0.000477 98
0.001066 197
0.000472 99
0.000415 97
0.000092 2
0.001044 97
0.000105 2
0.001586 96
0.000088 2
0.000866 97
0.000080 2
0.000534 96
0.000072 2
0.000148 97
0.000065 2
0.000616 97
0.000070 2
0.000594 96
0.000282 2
0.001009 96
0.000108 2
0.000798 97
0.000110 2
0.000775 95
0.000094 2
0.000716 96
0.000081 2
0.000648 97
0.000075 2
0.000591 96
0.000071 2
0.000617 97
0.000108 2
0.000596 96
0.000067 2
0.000612 96
0.000071 2
0.000507 97
0.000068 2
0.000621 96
0.000086 2
0.001972 97
0.000117 2
0.001365 63
0.000114 2
0.010180 72
0.000154 2
0.000403 65
0.000072 2
0.000108 69
0.000064 2
0.000148 69
0.000063 2
0.000629 65
0.000070 2
0.000083 69
0.000061 2
0.000078 69
0.000147 2
0.000315 68
0.000063 2
0.000113 22
0.000061 2
0.000104 26
0.000060 2
0.000069 29
0.000059 2
0.001160 27
0.000112 2
0.000769 41
0.000142 2
0.001387 74
0.000087 2
0.000943 72
0.000100 2
0.002537 56
0.000117 2
0.000094 50
0.000063 2
0.000300 58
0.000064 2
0.001293 50
0.000154 2
0.000543 57
0.000168 2
0.002347 65
0.000102 2
0.000979 108
0.000086 2
0.000094 113
0.000061 2
0.000082 125
0.000060 2
0.000080 108
0.000059 2
0.000196 122
0.000067 2
0.000085 120
0.000060 2
0.000082 120
0.000058 2
0.000079 118
0.000059 2
0.000080 115
0.000059 2
0.000078 117
0.000058 2
0.000079 114
0.000119 2
0.000081 117
0.000059 2
0.000078 109
0.000059 2
0.000078 114
0.000058 2
0.000079 117
0.000059 2
0.000079 108
0.000059 2
0.000088 114
0.000059 2
0.001709 121
0.000114 2
0.000126 117
0.000070 2
0.000131 117
0.000230 2
0.000206 117
0.000116 2
0.000140 121
0.000067 2
0.000084 111
0.000059 2
0.000235 126
0.000070 2
0.000090 117
0.000126 2
0.000091 113
0.000066 2
0.000087 116
0.000066 2
0.000089 113
0.000065 2
0.002306 123
0.000080 2
0.000050 112
0.000021 2
0.000040 117
0.000020 2
0.000039 110
0.000020 2
0.000040 124
0.000020 2
0.000038 111
0.000019 2
0.000036 110
0.000019 2
0.000037 114
0.000020 2
0.000039 121
0.000018 2
0.000039 122
0.000019 2
0.000039 126
0.000019 2
0.004469 113
0.000260 2
0.000122 121
0.000030 2
0.000058 120
0.000023 2
0.000042 117
0.000121 2
0.000063 123
0.000022 2
0.000045 119
0.000023 2
0.000047 109
0.000073 2
0.000853 93
0.000075 2
0.000985 64
0.000077 2
0.000103 63
0.000067 2
0.000302 61
0.000069 2
0.000191 94
0.000089 2
0.000082 95
0.000064 2
0.000088 94
0.000067 2
0.000078 95
0.000064 2
0.000148 94
0.000067 2
0.000087 94
0.000086 2
0.007825 1430
0.000231 71
0.000074 2
0.000507 80
0.000072 2
0.000117 54
0.000083 2
0.000949 60
0.000291 2
0.000187 61
0.000085 2
0.000397 72
0.000080 2
0.000161 80
0.000073 2
0.000095 80
0.000067 2
0.000091 72
0.000066 2
0.000089 71
0.000065 2
0.000087 72
0.000065 2
0.000234 72
0.000070 2
0.000089 70
0.000065 2
0.000087 77
0.000064 2
0.000089 75
0.000065 2
0.000086 75
0.000064 2
0.000086 68
0.000064 2
0.000211 97
0.000743 2
0.000138 97
0.000088 2
0.000077 97
0.000082 2
0.000196 97
0.000063 2
0.000769 98
0.000075 2
0.000128 98
0.000061 2
0.000726 97
0.000067 2
0.000114 98
0.000059 2
0.000116 98
0.000060 2
0.000071 97
0.000057 2
0.000104 97
0.000059 2
0.000832 97
0.000073 2
0.000126 98
0.000147 2
0.000127 97
0.000194 2
0.000166 97
0.000068 2
0.000675 98
0.000115 2
0.000150 97
0.000077 2
0.000154 98
0.000074 2
0.000829 98
0.003578 2
0.003068 98
0.000034 2
0.000105 98
0.000023 2
0.000073 98
0.000021 2
0.002583 98
0.000029 2
0.001153 299
0.000570 97
0.000035 2
0.000426 97
0.000029 2
0.000775 96
0.000096 2
0.000150 97
0.000070 2
0.000082 98
0.000066 2
0.000180 98
0.000113 2
0.000537 64
0.000070 2
0.000155 73
0.000060 2
0.000208 62
0.000085 2
0.000103 66
0.000122 2
0.000078 66
0.000058 2
0.000099 16
0.000059 2
0.000069 17
0.000058 2
0.000068 14
0.000057 2
0.000552 30
0.000072 2
0.003045 72
59.276253 30
0.826384 1
0.500765 1
0.033343 1
0.033220 1
0.032944 1
0.028951 1
0.030636 1
0.188820 1
0.188371 1
0.188104 1
0.334436 1
0.247549 3
0.549158 5
1.146085 5
1.147651 5
6.654943 1
5.540589 5
0.309530 12
4.001946 1
3.578041 3
0.362667 5
0.363129 5
0.716288 276
4.810232 239
0.500310 246
0.031915 244
0.030628 246
0.031840 241
0.031891 237
0.033036 226
0.027909 218
0.029370 5
0.031099 5
0.030386 5
0.031116 5
0.032048 5
0.033304 5
0.031986 5
0.029391 5
0.032220 5
0.029270 5
0.030583 5
0.031041 5
0.031622 5
0.032853 5
0.850945 3
0.446745 3
0.373776 5
0.428696 5
0.267207 5
0.128667 5
1.221538 5
1.185071 5
0.778383 5
0.140141 3
0.499151 3
0.034148 3
0.030511 3
0.257483 3
0.181344 3
0.537716 7
0.572368 1
0.500970 1
0.034515 1
0.028962 1
0.032872 1
0.028891 1
0.033555 1
0.028269 1
0.034007 1
0.035457 1
0.033375 1
0.029991 1
0.593815 3
0.491269 3
0.270555 5
0.500836 5
0.032980 5
0.033098 5
0.030239 5
0.031423 5
0.028211 5
0.032336 5
0.209712 5
0.195227 5
0.174342 5
0.195851 5
0.188320 5
0.196491 5
7.970941 5
1.261008 5
0.157158 5
0.326777 6
4.945667 2
0.017743 22
0.000135 2
0.000182 24
0.000079 2
0.016625 33
0.000428 2
0.006085 44
0.000149 2
0.074013 57
0.000153 2
0.000781 75
0.000079 2
0.013246 70
0.000217 2
0.001584 73
0.000116 2
0.000206 63
0.000719 2
0.000541 62
0.000089 2
0.000212 62
0.000082 2
0.000135 62
0.000092 2
0.001543 64
0.000114 2
0.165781 73
0.000180 2
0.008756 77
0.000167 2
0.044327 93
0.000134 2
0.215896 30
0.000138 2
0.080046 62
0.000224 2
0.348134 49
0.000143 2
0.117849 37
0.000143 2
0.012769 43
0.000089 2
0.210917 53
0.000130 2
0.151745 45
0.000148 2
0.022391 42
0.000207 2
0.000780 48
0.000134 2
0.131194 68
0.000137 2
0.018351 77
0.000123 2
0.052532 77
0.000304 2
0.014098 76
0.000083 2
0.033300 86
0.004241 77
0.000134 2
0.026585 87
0.000268 2
0.000822 80
0.000263 2
0.000985 83
0.000096 2
0.002316 71
0.000102 2
0.000409 73
0.000072 2
0.000130 88
0.000066 2
0.004419 71
0.000290 2
0.018062 78
0.000135 2
0.002806 69
0.000088 2
0.084519 60
0.000154 2
0.005280 59
0.000113 2
0.007586 57
0.000092 2
0.005493 57
0.000129 2
0.033171 52
0.000124 2
0.035760 51
0.000141 2
0.195243 51
0.117733 53
0.317662 56
0.003759 2
0.131631 62
0.000216 60
0.000082 2
0.000129 60
0.000071 2
0.113820 74
0.000237 2
0.043383 71
0.001839 2
0.159800 63
0.000161 2
0.002334 69
0.001775 2
0.022413 71
0.000156 2
0.000314 65
0.000085 2
0.000759 70
0.000083 2
0.000138 67
0.000167 2
0.016083 605
0.000202 67
0.000070 2
0.000104 77
0.000752 2
0.000298 67
0.000075 2
0.000521 77
0.003420 2
0.032541 74
0.000122 2
0.046585 62
0.000130 2
0.022255 283
0.003670 66
0.012638 2
0.000207 69
0.000068 2
0.000675 85
0.000074 2
0.000156 68
0.000064 2
0.261617 81
0.000150 2
0.004922 73
0.000129 2
0.288448 65
0.000153 2
0.000561 65
0.000091 2
0.000133 65
0.000074 2
0.000094 65
0.000071 2
0.029732 76
0.000139 2
0.030721 88
0.000147 2
0.017812 82
0.000135 2
0.005394 71
0.001091 2
0.000996 75
0.000075 2
0.015834 72
0.000252 2
0.007902 69
0.000092 2
0.074212 71
0.005792 2
0.052486 72
0.000129 2
0.016519 75
0.000129 2
0.070124 69
0.000156 2
0.001733 64
0.000117 2
0.001501 67
0.000160 2
0.005418 65
0.000134 2
0.000681 87
0.000091 2
0.009368 42
0.000115 2
0.098424 54
0.000143 2
0.073018 50
0.000152 2
0.048683 54
0.000266 2
0.000764 53
0.000078 2
0.131322 50
0.000182 2
0.038220 49
0.000133 2
0.212543 55
0.000261 2
0.093001 38
0.000142 2
0.003877 46
0.000119 2
0.071790 66
0.000143 2
0.006255 51
0.000264 2
0.045588 50
0.000178 2
0.227913 47
0.027123 50
0.035002 45
0.000124 2
0.006302 39
0.000530 2
0.141251 55
0.027834 70
0.023954 57
0.000169 2
0.061938 55
0.000144 2
0.042675 51
0.000135 2
0.010957 66
0.000143 2
0.000134 64
0.000080 2
0.083974 39
0.000281 2
0.002096 47
0.000123 2
0.000729 37
0.000080 2
0.000383 55
0.000072 2
0.000728 49
0.000072 2
0.011472 35
0.000205 2
0.002541 45
0.000755 2
0.036833 41
0.000133 2
0.002891 35
0.002765 2
0.005818 39
0.000366 2
0.000408 41
0.000074 2
0.004244 45
0.000139 2
0.065040 64
0.000135 2
0.146617 36
0.000159 2
0.001295 35
0.000086 2
0.009225 38
0.005637 2
0.001652 39
0.000049 2
0.032501 34
0.000129 2
0.003697 39
0.000280 2
0.003482 35
0.000106 2
0.000092 36
0.000067 2
0.025067 53
0.000126 2
0.076082 56
0.000159 2
0.043317 63
0.030726 48
0.000142 2
0.000250 50
0.000085 2
0.014046 57
0.003696 2
0.063031 65
0.000203 2
0.018090 69
0.000142 2
0.040256 53
0.003430 2
0.089998 36
0.000138 2
0.000221 38
0.000071 2
0.032444 72
0.000117 2
0.082070 61
0.000146 2
0.233898 65
0.000145 2
0.007255 63
0.000125 2
0.009004 61
0.000115 2
0.255285 80
0.000124 2
0.018365 61
0.000177 2
0.042258 97
0.000131 2
0.040369 72
0.000167 2
0.021107 67
0.000035 2
0.090559 66
0.000136 2
0.023940 67
0.000084 2
0.046449 62
0.000143 2
0.022613 64
0.000134 2
0.052323 84
0.000162 2
0.070863 69
0.000570 2
0.002687 66
0.000116 2
0.004032 72
0.000269 2
0.002255 68
0.000129 2
0.085329 80
0.011883 73
0.007276 75
0.001152 2
0.047300 75
0.045647 71
0.000118 2
0.069589 73
0.000133 2
0.008133 71
0.000111 2
0.155239 91
0.079693 76
0.000137 2
0.078510 72
0.000147 2
0.022454 63
0.000037 2
0.068886 69
0.028427 73
0.000079 2
0.163498 68
0.106050 67
0.331108 66
0.000166 2
0.045411 81
0.000171 2
0.065879 59
0.000140 2
0.025823 72
0.004936 2
0.003663 71
0.000207 2
0.279324 53
0.000126 2
4.755279 80
0.000527 2
0.016679 61
0.000202 2
0.040720 97
0.002512 2
0.042721 72
0.000137 2
0.012559 67
0.000162 2
0.065587 66
0.000147 2
0.016008 67
0.000132 2
0.034897 62
0.000128 2
0.018463 64
0.000125 2
0.056003 84
0.000126 2
0.061544 69
0.000143 2
0.002687 66
0.000130 2
0.001843 72
0.000100 2
0.001916 68
0.000099 2
0.074363 78
0.000139 2
0.025561 71
0.004132 2
0.009520 75
0.000124 2
0.053501 73
0.000141 2
0.058267 71
0.000127 2
0.046378 73
0.000140 2
0.008998 71
0.000132 2
0.165645 89
0.000187 2
0.165752 76
0.000179 2
0.114894 72
0.000195 2
0.044546 65
0.110069 69
0.041744 73
0.000270 2
0.162891 66
0.000179 2
0.100662 65
0.000178 2
0.301638 66
0.000190 2
0.081793 81
0.000140 2
0.084317 61
0.028429 74
0.008674 71
0.000186 2
0.374887 53
0.000132 2
0.108965 72
16.760880 1
0.387772 1
0.527643 1
0.770936 1
0.477667 8
