0.035828 72
0.801626 10
0.217039 17
0.543463 20
0.614650 10
4.962344 74
6.960730 1
0.165679 1
1.710217 1
0.136608 1
0.697347 1
0.356897 441
93.203543 1
0.128372 1
0.125691 1
1.481071 1
0.170798 1
0.151748 1
0.297615 1
2.735775 1
0.365726 1
0.213585 1
5.887508 4
0.155540 4
0.164857 4
0.179922 4
0.748717 1
0.338993 1
0.774081 1
0.166538 1
0.000250 3
1.030907 1
0.937663 1
0.188148 2
2.332497 2
0.007232 39
0.004114 66
0.000501 27
0.000376 685
3.488561 2
0.176860 2
0.172861 2
0.152987 2
0.157615 2
0.499974 2
0.029632 2
0.031373 2
0.032552 2
0.031975 2
0.508613 2
0.502630 2
0.032376 2
0.032777 2
0.030249 2
0.032851 2
0.032930 2
0.030223 2
0.247215 2
0.499681 2
0.031414 2
0.032462 2
0.030975 80
0.031416 42
0.033924 111
0.032409 109
0.034511 61
0.031921 42
0.035191 110
0.849380 103
0.500696 42
0.031825 119
0.034609 108
0.036879 82
0.032089 45
0.033340 42
0.858615 107
0.500696 58
0.031405 85
0.993898 47
0.500681 42
0.033009 119
0.032726 116
0.034137 99
3.091253 66
0.500873 42
0.030687 80
0.034459 100
0.035335 108
0.030724 116
0.032599 104
0.033771 65
0.610510 47
0.499551 62
0.031775 45
0.031815 45
0.030076 42
0.034705 77
0.034464 163
0.031104 47
0.032654 94
0.034273 45
0.033926 80
0.029559 42
0.029946 95
0.034072 58
0.033121 56
0.031748 107
0.034461 45
0.028678 45
0.035043 45
0.695611 47
0.502209 42
0.033607 98
0.031988 77
0.476118 143
0.500000 69
0.033757 72
0.033151 74
0.031550 80
0.034212 2
0.575681 75
0.500815 75
0.033882 45
0.035389 42
0.031696 76
0.035349 145
0.369560 42
0.501621 65
3.095378 61
0.500907 59
0.032689 59
0.032237 42
0.033021 106
0.033602 62
0.033184 230
0.029677 42
0.034136 63
0.032019 109
1.565092 7
0.500825 7
0.033371 7
0.031128 7
0.032130 7
0.031082 7
0.539057 2
0.500489 2
0.030884 2
0.030889 6
0.033179 2
0.554306 2
0.502939 99
0.030858 106
0.032623 42
0.033341 74
0.030695 60
0.034839 45
0.030097 42
0.034440 187
0.033666 2
13.118193 1
0.097631 23
2.228613 1
0.409776 1
0.536737 76
0.000800 72
1.776025 11
0.695617 4
0.198895 4
0.181819 4
0.703449 1
0.272452 1
1.790757 1
0.318316 1
1.250702 4
0.177874 4
0.600824 1
0.471237 1
0.382012 1
0.842868 4
0.260266 1
0.785237 1
0.550389 1
0.911922 1
0.206980 1
0.475944 1
0.380201 4
0.187797 4
0.186975 4
0.178890 4
0.159934 4
0.806678 1
0.328712 1
0.769604 1
0.177624 1
0.198575 1
2.354563 4
0.153884 4
0.500145 4
0.032115 4
0.031766 4
0.031162 4
0.031674 4
0.031761 4
0.030953 4
0.031067 4
0.032103 4
0.031424 1
0.031258 1
0.031445 1
0.029652 1
0.030656 1
0.034003 1
0.031840 1
0.030342 1
0.031458 1
0.030190 1
0.030994 1
0.034641 1
0.033087 1
0.031136 1
0.032844 1
0.030663 1
0.032918 1
0.033090 1
0.032973 1
0.031411 1
1.786084 1
0.337701 1
0.385882 1
0.181732 1
1.514421 1
0.495125 1
1.003041 1
0.253115 1
0.970779 1
1.202994 194
3.006759 9
0.552659 4
0.503626 4
0.030128 4
0.032489 4
0.031426 4
0.031090 4
0.030519 4
0.029674 4
0.030890 4
0.030961 1
0.032211 1
0.033954 1
0.032559 1
0.032291 1
0.032703 1
0.032959 1
0.033692 1
0.029886 1
1.908794 1
1.133277 1
0.576651 1
0.428291 1
2.253399 1
0.591961 1
0.220994 1
0.226143 1
0.202019 1
0.844106 1
0.173511 1
0.299670 1
1.589560 1
0.121347 1
0.425765 1
0.501596 1
0.033066 1
0.031039 1
0.031768 1
0.031767 1
0.217433 1
0.175912 1
0.183743 1
0.192601 1
0.765808 5
2.251859 74
4.659910 1
0.185950 1
0.692323 1
0.409918 1
3.020283 1
3.791088 1
0.402016 1
0.851892 1
1.174674 1
1.586451 1
0.680795 2
0.171299 27
0.000219 2
0.011571 72
3.287838 10
0.642909 1
5.656427 1
0.263596 1
0.329766 3
0.255655 3
0.573231 3
0.278215 1
0.232354 3
0.397192 2
0.142611 28
0.000244 2
0.011632 72
11.435383 11
0.384594 1
0.501486 1
0.032969 1
0.031033 1
0.030645 1
0.034272 1
0.034011 1
0.032772 1
0.030449 1
0.032328 1
0.377506 1
0.310262 1
0.406991 1
0.341682 3
0.376351 3
0.269985 3
10.612044 23
0.198440 25
0.171360 28
0.820296 24
0.308173 1
0.502579 1
0.030186 1
0.030016 1
0.032893 1
0.030796 1
0.030352 1
0.031501 1
0.032743 1
0.031080 1
0.030959 1
0.032474 1
0.034017 1
0.297394 1
0.404828 3
0.365259 5
0.164872 5
0.526437 5
0.218032 5
0.533654 11
6.126141 1
0.343361 1
1.148091 2
0.116162 2
0.000303 50
0.000200 2
0.000261 2
0.000172 20
0.000200 2
0.000267 2
0.011484 9
3.370176 13
1.608408 6
