0.033124 73
16.012882 1
0.857949 1
0.580970 1
0.216740 1
0.226117 1
0.613182 75
3.034060 1
0.303754 1
0.198851 1
0.302273 1
0.793982 1
0.396781 1
0.914384 1
0.219844 1
0.095723 1
0.832281 1
0.613368 1
0.121433 1
0.245442 1
0.327490 1
0.204033 1
0.808897 1
0.447930 1
0.222082 1
0.066364 1
2.016813 1
1.084866 1
0.179031 1
1.149443 1
1.084099 1
0.453179 1
0.209136 1
0.210865 1
0.967614 1
0.558608 1
0.435935 1
0.679485 1
0.788837 1
1.809686 101
3.650091 1
0.208131 1
0.367659 1
0.183896 1
0.171675 1
0.793946 1
0.711285 1
0.139672 1
0.625972 4
0.529575 1
0.149583 1
0.164897 1
1.664682 1
0.385966 1
0.099485 1
0.123410 1
0.139872 1
1.179592 1
1.559469 1
1.412540 1
0.492433 1
1.702225 1
0.109418 1
0.384890 1
0.250991 1
0.743823 4
0.496285 1
0.312454 1
0.173821 1
1.349366 1
0.509973 2
0.000760 30
0.000083 2
0.000397 73
2.186930 26
0.428635 1
0.500898 1
0.031905 1
0.033182 1
0.031695 1
0.031802 1
0.030760 1
0.032102 1
0.030988 1
0.033138 1
0.033290 1
0.126592 1
0.188966 1
0.168974 1
0.151925 1
0.164289 1
0.153279 1
0.178370 1
0.189944 1
0.164752 1
0.161874 1
0.409017 5
0.396049 75
5.225614 1
0.333638 1
0.182751 1
0.332706 1
0.289375 1
2.014376 1
1.323075 1
0.759124 1
0.195245 1
0.760152 1
0.209758 8
1.027462 85
3.183692 1
0.208039 1
0.153644 1
0.143063 1
1.311978 1
0.113469 1
0.146730 1
0.403167 1
1.859643 1
0.387787 1
0.599009 1
0.429992 1
0.258197 1
1.009642 1
0.409168 1
0.077046 1
0.148920 1
0.231179 1
3.036364 1
2.845637 1
1.163606 1
0.806753 1
0.536445 1
0.117345 1
0.867347 1
0.626292 75
3.075135 24
0.556851 4
0.501681 4
0.031800 4
0.033244 4
0.027719 4
0.195416 4
0.189836 4
2.765302 75
1.033654 17
0.177641 7
0.179121 42
0.834983 1
0.414949 1
0.211935 1
0.173727 1
0.179381 1
0.175522 1
0.372801 5
0.163775 5
0.191941 5
1.163483 5
0.268248 5
0.470231 5
0.410987 5
0.265198 5
0.216039 5
0.716722 81
47.582942 1
0.163770 1
0.553588 1
0.171792 1
0.118538 1
0.179987 1
0.455159 1
0.286371 1
0.326507 1
0.131602 1
0.944700 1
0.784481 1
0.135782 1
0.245381 75
2.580028 1
0.189873 1
0.507473 1
0.226049 1
2.172094 1
1.204952 1
0.059301 1
0.647150 1
0.996639 3
0.289375 3
0.144637 3
0.310564 3
0.909296 3
0.304493 3
0.235080 3
0.138707 3
0.526078 2
0.000938 32
0.000070 2
0.000429 73
1.837697 15
0.399754 1
0.501741 1
0.031381 1
0.030388 1
0.031533 1
0.031940 1
0.031698 1
0.030385 1
0.033836 1
0.232615 1
0.240350 1
0.225932 1
0.940516 3
0.782834 1
0.408714 3
0.153880 23
0.209175 3
0.253307 3
0.201938 3
0.199757 3
0.203823 3
0.187546 3
0.193620 3
0.199438 3
0.279977 3
0.378098 3
0.277439 3
2.122858 2
0.000906 29
0.000070 2
0.000430 73
18.338058 16
0.308128 1
0.506735 1
0.031318 1
0.030470 1
0.030709 1
0.030768 1
0.030875 1
0.031555 1
0.030196 1
0.045511 1
0.030956 1
0.030287 1
0.030758 1
0.030919 1
0.030264 1
0.030682 1
0.030901 1
0.338672 3
0.217220 3
0.562725 5
0.088240 5
0.541015 80
4.520968 16
0.334857 4
0.500091 4
0.031296 4
0.033955 4
0.031816 4
0.032412 4
0.034249 4
0.033448 4
0.032286 4
0.033405 4
0.369356 4
0.471246 1
0.193909 1
0.123754 1
0.233229 80
3.522478 8
0.616480 14
0.337968 1
0.500616 1
0.032528 1
0.030083 1
0.490043 13
0.340541 9
0.272348 80
6.482725 1
0.226042 1
0.365681 1
0.166808 1
0.143680 1
0.166745 1
187.988168 1
0.497985 1
0.206043 1
0.145739 1
1.724150 1
0.373884 1
2.613378 1
0.219894 1
0.260247 1
0.230237 1
0.376529 1
0.248332 1
0.150713 1
0.106411 1
0.203086 1
0.162749 1
0.638100 1
0.234997 1
0.230203 1
0.396853 1
1.104186 1
0.876510 75
2.105013 27
0.216976 90
0.734136 4
0.500528 4
0.032903 4
0.032737 4
0.031992 4
0.031787 4
0.030971 4
0.153059 4
0.172798 4
0.157816 4
0.174775 4
0.699230 1
0.213263 1
0.146632 1
0.450394 80
3.154681 8
0.703073 1
0.218029 1
0.182792 1
2.025218 7
0.599637 7
0.845598 3
0.174404 3
0.165081 3
1.504731 1
1.138422 1
0.411871 1
0.735550 4
0.187969 1
0.297517 1
0.261126 1
85.104520 1
4.526775 80
30.825825 1
0.579612 16
0.224611 17
0.213031 33
0.131266 90
0.185890 17
0.196047 14
0.182114 58
0.156603 27
0.301604 28
0.514062 28
0.031671 32
0.030991 7
0.030822 42
0.032103 41
0.045029 89
0.421916 101
0.158235 75
0.184885 53
0.187931 74
0.901774 52
0.200654 60
0.297027 78
0.122856 18
0.184588 18
0.377323 34
0.176755 94
0.178495 34
0.346873 38
0.168643 48
3.340912 2
0.094593 39
2.357317 2
1.031901 493
0.071451 72
21.622644 50
1.615412 4
0.160756 1
0.254459 1
0.500365 1
0.030409 1
0.031385 1
0.034811 1
0.031098 1
0.030448 1
0.031034 1
0.032497 1
0.032985 1
0.034795 1
0.031982 1
0.031967 1
0.032898 1
0.032028 1
0.032467 1
0.030803 1
0.030444 1
0.032889 1
0.034107 1
0.679591 3
0.480358 43
0.173731 39
1.203819 2
0.003203 44
0.032374 72
3.479778 1
0.344165 1
0.204919 1
2.156883 1
0.824280 4
0.146723 1
0.221862 1
0.297593 1
0.188726 1
0.976665 1
0.647217 1
0.233973 1
0.284484 1
0.206031 1
0.512876 2
0.158997 24
0.011746 72
1.298715 12
0.449139 1
0.223933 1
0.810131 9
0.544361 5
4.584717 2
0.120289 22
0.000074 2
0.012031 72
10.243159 1
0.196733 1
0.121653 1
0.309463 1
0.549449 2
0.027462 72
3.408938 2
0.401857 11
0.489348 21
0.557870 16
0.546194 16
0.188280 17
0.185257 14
0.290751 5
0.420719 1
1.725698 1
0.364818 1
0.187818 1
1.725114 1
0.267249 1
0.794984 1
0.379645 1
3.939150 1
0.465759 1
0.812180 4
0.347505 1
0.354502 1
0.221050 1
0.651680 2
0.125031 24
0.013103 72
136.881201 11
0.216887 16
0.386618 13
0.482133 2
0.123711 24
0.013711 72
107.515547 11
0.460119 1
0.501953 1
0.030367 1
0.031723 1
0.319564 1
0.159706 1
0.164013 1
0.454598 19
0.424130 74
0.790413 10
0.503990 1
0.502468 1
0.030128 1
0.031090 1
0.377313 1
5.836008 3
0.160443 3
0.152617 3
0.158851 3
0.149702 3
0.449088 4
0.191922 4
0.159892 4
1.829767 1
0.268054 1
0.183933 1
0.369077 74
0.425538 10
0.607084 1
0.261689 1
0.280236 1
0.848623 3
0.678983 3
0.220440 7
0.262268 7
0.229799 3
0.681394 1
0.141609 1
0.479628 74
0.488961 10
0.398192 1
0.181419 1
0.179855 1
0.161562 1
0.158151 1
0.289535 15
0.164806 11
0.215721 3
0.203813 3
0.205942 3
0.198116 3
0.387049 7
0.155629 7
0.241017 3
0.166952 4
0.875298 1
0.295531 1
0.201153 1
0.720247 74
0.375162 10
0.367979 1
0.219703 1
0.169196 1
0.182194 1
0.186603 1
0.164903 1
0.485361 3
0.125364 15
0.158878 11
0.132059 3
0.172380 3
0.169746 3
0.141193 3
0.207984 3
0.202460 4
0.180066 4
0.149699 4
1.487993 1
0.150731 1
0.169904 1
0.076272 1
0.166730 1
0.445433 74
2.924796 1
0.339429 1
0.223986 1
1.539500 1
0.689282 1
0.038659 1
0.743639 1
0.686575 3
0.382843 3
0.220052 3
0.167784 3
0.277312 3
1.501201 3
0.324535 3
0.265225 3
0.304424 3
0.765693 3
0.249240 3
0.282416 3
0.294302 3
0.602817 3
0.226970 3
0.127917 3
0.091266 3
0.181791 3
0.918591 74
5.030583 1
0.282487 1
0.590713 1
0.146753 1
0.887327 1
0.455830 1
0.942587 1
0.054011 1
0.459415 1
1.856940 3
0.358763 3
0.177805 3
1.418833 3
0.293342 3
0.093505 3
1.840585 3
0.922530 1
0.753363 1
1.000221 1
0.032650 1
0.436871 1
1.569008 3
0.341565 3
0.187822 3
0.667186 3
0.209014 3
0.169661 3
2.501250 84
100.782879 1
0.235978 1
0.200047 1
0.233194 1
0.255032 1
1.188728 1
0.298478 1
0.346646 1
0.223050 1
0.941429 1
0.168757 1
0.131545 1
2.464617 74
0.452703 12
0.542374 4
0.157566 4
0.188971 4
0.879403 74
1.447555 1
0.293437 1
0.151676 1
0.208120 1
0.106392 1
0.346667 1
0.727493 1
0.205071 1
0.573610 1
0.342656 1
0.845451 1
0.173324 1
0.196075 1
0.122527 1
0.571749 1
1.066239 1
1.011716 2
0.172396 25
0.000078 2
0.013840 72
4.760615 16
0.533079 1
0.501101 1
0.030210 1
0.031738 1
0.031728 1
0.033008 1
0.031893 1
0.030138 1
0.031735 1
0.232783 1
0.199484 1
0.194633 1
0.171575 1
0.201119 5
0.265745 74
0.696461 15
0.616239 4
0.503048 4
0.033082 4
0.030733 4
0.030787 4
0.032180 4
0.032840 4
0.645422 4
0.149835 4
0.152008 4
0.215515 441
20.199538 1
0.133247 1
0.272351 1
0.357738 1
1.593678 1
1.697092 1
0.164117 4
1.944856 1
0.233981 1
4.219688 2
0.134809 2
0.000080 51
0.000379 2
0.000064 2
0.000424 64
0.000267 58
0.000218 2
0.000204 46
0.000200 2
0.000232 58
0.000241 2
0.000234 58
0.000265 2
0.000217 58
0.000202 2
0.000303 2
0.013256 72
3.707556 1
0.151486 1
0.447081 1
0.996791 1
0.284233 1
0.367850 1
0.696542 1
0.487964 1
0.317501 1
0.344724 1
2.139204 4
0.199792 1
0.539328 2
0.015025 39
0.002794 66
0.000210 27
0.000506 685
2.689059 1
0.564716 1
0.190438 6
0.017146 4
0.000131 2
0.019380 6
0.016842 6
0.045978 6
0.015743 6
0.044917 6
0.409175 124
0.016723 281
0.009793 255
0.010656 161
0.00012