0.032440 63
9.644966 1
0.235069 1
0.212963 1
0.405925 1
0.707287 1
0.291315 1
0.162923 1
1.762204 1
0.379802 1
0.593258 1
1.396465 3
0.200710 3
0.994868 3
0.162823 3
0.401849 3
0.209943 3
0.293377 3
0.840021 3
0.469202 3
0.153710 3
1.189683 3
1.890779 1
2.377840 82
11.322457 1
2.635529 1
0.201874 1
0.169774 1
0.148717 1
1.666984 1
0.939570 1
0.227974 1
0.218127 1
0.219205 1
0.135430 1
0.853234 1
0.456112 1
0.564493 1
0.144727 1
0.137597 1
0.120619 1
0.424114 2
0.001013 30
0.000112 2
0.000577 63
1.551113 17
1.340583 37
8.351826 1
0.193238 1
0.161180 1
0.157165 1
0.657254 13
0.244161 1
0.201832 1
0.258231 1
0.285367 19
0.433331 84
9.375447 1
0.093480 1
0.292400 1
1.468795 1
0.556576 1
0.953617 1
1.519176 1
0.164835 1
0.238966 1
0.164935 1
0.069208 1
0.560811 1
0.146511 1
3.395246 1
1.862933 1
0.118512 1
0.114595 1
0.893942 2
0.001590 5
0.000092 20
0.000166 27
0.000069 2
0.000378 63
3.621321 1
0.163708 1
0.227956 1
0.180935 1
0.196878 1
8.429155 1
0.750601 1
0.861000 4
0.233206 1
0.237055 1
1.221850 1
0.181877 1
0.376873 1
0.473219 1
0.190796 1
0.753079 1
0.956282 1
0.117276 1
0.383909 1
0.243220 1
0.110576 1
0.105385 1
0.582213 2
0.003277 63
0.710513 19
0.275709 101
0.560867 2
0.001632 63
8.576817 1
0.144361 1
0.267381 1
0.429101 1
0.613030 1
0.484276 1
0.662096 1
0.238395 1
0.186559 1
0.261279 1
0.111556 1
1.862026 67
8.817641 11
0.616859 1
0.252387 1
0.187814 1
0.179256 1
0.188706 1
0.568654 15
0.327497 11
0.649244 76
4.082246 1
0.227879 1
0.414134 1
0.567486 1
0.797200 1
0.620747 1
0.829846 1
0.035316 1
0.720024 1
0.704687 3
0.346616 3
0.507406 3
0.114599 3
0.403248 2
0.004528 96
81.331792 1
0.425757 1
0.370837 1
0.355632 1
0.257245 1
0.295433 1
0.167702 1
0.755818 4095
0.000499 4095
0.000127 4095
0.000147 2570
0.000033 2
0.000032 50
0.000025 2
0.000029 42
0.000024 2
0.000029 34
0.000024 2
0.000030 76
0.000050 2
0.000032 29
0.000024 2
0.000030 38
0.000024 2
0.000030 39
0.000024 2
0.000029 8
0.000024 2
0.000029 21
0.000024 2
0.000029 29
0.000024 2
0.000030 37
0.000024 2
0.000029 50
0.000024 2
0.000029 42
0.000024 2
0.000034 34
0.000038 2
0.000142 26
0.000677 4095
0.000569 2986
122.048660 7
0.140121 19
0.177503 15
0.217281 12
0.186880 28
0.179701 68
0.208153 101
0.205835 35
0.349331 39
0.179454 37
0.161537 25
0.183518 34
0.212535 73
0.495554 46
2.257371 2
0.097283 39
2.685173 2
0.690640 493
0.087640 72
0.454720 6
0.197184 9
0.367166 59
1.091981 1
0.499745 1
0.031403 1
0.030278 1
0.032041 1
0.030875 1
0.030669 1
0.032921 1
0.032771 1
0.031532 1
0.030084 1
0.031467 1
0.031017 1
0.032813 1
0.030971 1
0.031988 1
0.031164 1
0.032669 1
0.031831 1
0.030693 1
0.030274 1
0.031001 1
0.030922 1
0.032827 1
0.030300 1
0.033411 1
0.030581 1
0.032259 1
0.029996 1
0.030956 1
0.031414 1
0.031162 1
0.680206 5
0.165651 5
0.130801 5
0.207934 5
0.208588 3
0.500942 3
0.029179 3
0.030807 3
0.029804 3
0.030852 3
0.031375 3
0.031590 3
0.031826 3
0.032525 3
0.032324 3
0.030987 3
0.030193 3
0.032185 3
0.029947 3
0.033459 3
0.032246 3
0.030911 3
0.030499 3
0.032855 3
0.277643 3
0.561970 1
0.288417 29
0.134816 29
0.682558 46
0.026293 72
8.582573 1
0.132374 1
0.120485 1
0.355820 1
0.182979 1
1.149128 1
0.295703 1
0.059290 1
0.694107 1
0.327740 3
0.065284 3
0.288480 3
0.133751 3
0.415720 2
0.000417 33
0.000606 72
3.066521 1
0.587655 1
0.227331 1
0.425705 1
0.356064 1
0.585661 1
0.360806 1
0.130774 1
0.161429 1
1.849737 1
0.842271 4
0.289544 1
1.536014 1
0.730326 1
1.470240 1
0.064114 1
0.472939 1
2.106365 3
1.197740 3
0.899334 3
0.330708 3
0.923325 3
1.970114 3
1.915400 3
2.758986 3
2.036221 138
1.165177 21
0.433155 1
0.502023 1
0.030233 1
0.030994 1
0.030845 1
0.032791 1
0.029955 1
0.030137 1
0.030559 1
0.851529 3
0.218240 3
0.199418 3
0.196499 3
6.545780 3
0.501812 3
0.030887 3
0.030763 3
0.033095 3
0.032029 1
0.032845 1
0.030787 1
0.462393 4
2.147203 4
0.501555 4
0.030900 4
0.030656 4
0.030871 4
0.030340 4
0.030711 4
0.045898 4
0.046023 4
0.045351 4
0.030709 4
0.030758 4
0.031079 4
0.031071 4
0.030815 4
0.044962 4
0.030152 4
0.030865 4
0.031359 4
0.031343 4
0.046072 1
0.030859 1
0.031615 1
0.028487 1
0.030550 1
0.031842 1
2.426103 1
0.299417 1
0.962673 1
0.300265 74
1.321500 1
0.621834 1
0.163562 1
0.472558 74
0.415171 3
0.143236 6
0.772586 24
0.454413 84
70.334483 1
0.338249 1
0.251031 1
0.422495 1
1.092999 1
0.569659 1
0.504259 1
0.276463 1
0.211797 1
0.523402 4
0.113635 1
1.426892 1
0.490368 1
0.195039 1
0.071948 1
0.435463 1
1.082114 1
0.319279 1
0.971784 1
0.323563 1
2.214436 4
0.210120 1
1.094163 1
0.916369 1
0.453196 1
0.140559 1
0.961886 92
3.586090 22
0.404191 1
0.510552 1
0.030963 1
0.030349 1
0.030815 1
0.030741 1
0.184544 1
0.199717 1
0.625551 3
0.239108 19
0.636172 15
0.644975 92
17.955310 1
0.186691 1
0.212013 1
0.719520 1
0.609052 1
0.344430 1
0.130728 1
0.268321 1
1.497256 3
0.319373 3
0.101555 3
0.260666 3
0.093973 3
2.913175 81
65.523254 1
0.198729 1
0.606779 1
0.718526 4
0.132876 4
0.172483 4
0.846167 1
0.198860 1
0.306515 1
0.422036 1
1.792036 8
0.011437 41
0.002120 72
2.687633 1
0.175682 1
0.390996 1
0.372798 1
0.268288 1
0.181843 1
0.527050 2
0.005609 103
1.155766 1
0.166578 1
0.303561 1
0.313335 1
0.386476 8
