0.061908 63
7.452241 1
0.127509 1
0.762153 1
0.952957 1
0.395211 4
0.645011 75
4.907421 1
0.128276 1
0.432096 1
0.422917 1
0.178991 1
0.297528 1
0.955414 1
0.376868 1
0.197885 1
1.050038 1
0.489137 1
0.684393 1
0.337548 1
0.358694 1
0.184708 1
0.201116 1
0.179844 1
2.235674 1
0.523435 1
0.232135 1
2.726428 2
0.003787 73
2.346906 1
0.211109 1
0.470837 1
0.926652 1
0.224162 10
1.055459 2
0.002905 52
0.000091 2
0.000600 8
0.002913 55
0.000928 42
0.000124 73
38.518311 13
0.812975 2
0.005670 6
0.002495 2
0.028504 55
0.008365 42
0.000106 73
102.670144 13
0.127155 33
1.307833 1
0.217200 1
0.201048 1
0.220382 1
0.450077 1
0.157541 1
0.139208 1
0.171003 1
0.154187 1
0.580921 23
0.478434 3
0.202242 3
0.156266 3
0.185105 3
0.169660 3
0.185736 3
0.154293 3
0.170124 3
0.341687 7
0.461975 3
0.237361 4
0.163742 4
0.227794 6
1.067712 2
0.001797 73
0.508157 22
0.242895 47
0.822203 1
0.499838 1
0.029895 1
0.033577 1
0.032189 1
0.306328 3
0.202312 3
0.383259 3
0.167856 3
0.266016 7
0.174806 7
0.170669 7
0.155050 1
0.212108 1
0.170160 1
0.173104 1
0.152718 1
0.179710 1
0.379288 5
0.377454 3
0.502615 3
0.033410 3
0.030987 3
0.029802 3
0.030970 3
0.956138 7
9.067277 2
0.001925 35
9.475697 1
0.359634 1
1.131232 1
0.223134 1
0.122597 1
0.382884 1
0.608432 97
18.381843 1
0.254183 1
0.159682 1
0.256335 1
0.501433 1
0.142643 1
1.138466 4
0.445984 1
0.332678 1
1.268942 1
0.123626 1
0.470574 1
2.237372 3
1.812661 3
0.656992 3
0.764743 3
0.701312 3
0.185526 1
0.405231 1
0.510570 1
0.221141 78
26.720618 425
3.036673 24
0.235751 43
0.222673 87
1.133395 1
0.594763 36
1.013565 1
0.501436 1
0.030914 1
0.030445 1
0.030104 1
0.032911 1
0.030897 1
0.031280 1
0.033546 1
0.033826 1
0.033058 1
0.033390 1
0.029952 1
0.032080 1
0.032564 1
0.031804 1
0.032838 1
0.032184 1
0.032292 1
0.034195 1
0.030005 1
0.032661 1
0.033107 1
0.032728 1
0.273581 1
0.172853 1
0.586015 5
0.191953 5
0.775764 89
1.797417 26
0.992208 90
0.910738 43
0.256125 87
1.257092 1
0.502183 1
0.031242 1
0.033266 1
0.030734 1
0.032196 1
0.033019 1
0.030901 1
0.031351 1
0.032750 1
0.030720 1
0.367094 27
0.143772 27
0.439320 75
1.163152 11
0.885082 37
2.446276 90
1.158469 43
3.778599 1
0.500718 1
0.030741 1
0.030678 1
0.031263 1
0.030945 1
0.033432 1
0.033172 1
0.034239 1
0.030765 1
0.031894 1
0.033946 1
0.031876 1
0.031654 1
0.031367 1
0.030836 1
0.031910 1
0.033893 1
0.034021 1
0.029987 1
0.034197 1
0.031616 1
0.033950 1
0.033781 1
0.031935 1
0.033756 1
0.030073 1
0.030280 1
0.032672 1
0.030166 1
0.032597 1
0.033089 1
0.032864 1
0.030807 1
0.031054 1
0.030859 1
0.031185 1
0.031964 1
0.031566 1
0.033183 1
0.228409 1
0.166913 1
0.339481 1
0.665251 5
0.744142 3
0.242503 5
0.450307 100
1.616410 42
0.790522 81
0.422513 53
0.224048 70
0.316360 42
0.165728 81
0.185684 37
0.143009 90
1.112012 1
0.502100 1
0.029293 1
0.030132 1
0.031991 1
0.033981 1
0.032514 1
0.031536 1
0.030627 1
0.034187 1
0.031784 1
0.344259 1
0.220080 1
0.283539 1
0.179606 1
0.177760 1
0.159882 1
0.510572 5
0.143761 5
1.247050 79
1.150837 17
0.199101 43
0.258642 81
0.168854 37
0.201612 90
0.673467 45
2.703832 90
0.177110 43
0.179735 87
0.675664 37
0.457452 87
1.190729 43
1.354904 89
0.560214 53
0.467390 109
0.319319 45
0.474191 90
0.489135 1
0.904383 1
0.222346 1
0.178570 1
0.195045 1
0.195246 1
0.250148 1
0.311302 1
1.695874 3
0.709480 5
0.198968 5
1.314240 5
0.368750 5
0.983568 5
0.420064 5
2.260596 3
0.552553 3
0.191177 5
0.132713 3
0.196850 3
0.188532 3
0.471394 3
0.179927 3
0.451040 4
0.166015 4
0.148647 4
0.074323 1
0.670211 1
0.198082 75
1.898637 21
0.331865 1
0.500444 1
0.030659 1
0.032623 1
0.031268 1
0.033650 1
0.030027 1
0.030135 1
0.033000 1
0.030843 1
0.033813 1
0.030003 1
0.031166 1
0.032831 1
0.032925 1
0.031690 1
0.032090 1
0.158164 1
0.186734 1
0.296652 5
0.161842 5
0.144562 1
0.274529 81
24.914240 1
0.182798 1
0.976767 4
0.175772 4
0.149675 1
0.674946 19
0.170132 82
0.168431 42
0.171834 43
0.157833 81
0.155465 37
0.154508 90
0.508376 43
0.030320 87
0.030838 37
0.031316 87
0.045273 33
0.031296 64
0.031364 47
0.030471 33
0.030839 31
0.030517 16
0.031462 34
0.031760 77
0.031030 19
0.435127 15
0.510735 12
0.030877 28
0.030904 68
0.030967 68
0.031934 35
0.032014 39
0.031787 37
0.030950 25
0.031106 34
0.030827 88
0.030758 17
0.030300 33
0.417004 90
0.155597 17
0.185581 14
0.187466 58
0.184615 27
0.153993 28
0.173542 28
0.178885 32
0.203909 7
0.157651 42
0.156276 41
0.163170 89
0.175093 101
0.168633 75
0.174918 55
0.190294 78
0.637085 56
0.173496 74
0.418964 52
0.229024 60
0.283164 78
0.555897 18
0.174783 18
0.335524 34
0.240139 94
0.149807 34
0.467203 38
0.158741 48
4.043814 2
0.081669 39
1.972768 2
0.717674 493
0.077793 72
0.469207 6
0.148710 56
0.981893 1
0.501147 1
0.029615 1
0.032201 1
0.032088 1
0.029702 1
0.032311 1
0.032217 1
0.029973 1
0.031607 1
0.031945 1
0.031557 1
0.030254 1
0.031687 1
0.030407 1
0.031621 1
0.030976 1
0.030174 1
0.032280 1
0.031298 1
0.032304 1
0.031140 1
0.030550 1
0.030639 1
0.032035 1
0.031843 1
0.029640 1
0.030748 1
0.030763 1
0.031368 1
0.716684 5
0.146944 5
0.408084 3
0.500000 3
0.031397 3
0.030531 3
0.031719 3
0.030595 3
0.031021 3
0.030687 3
0.032201 3
0.031969 3
0.030845 3
0.031327 3
0.029908 3
0.030394 3
0.030414 3
0.031194 3
0.032199 3
0.031200 3
0.398298 3
0.613168 27
0.164857 23
4.933647 2
0.002089 44
0.032368 72
233.385338 1
0.102948 1
1.142496 4
0.202023 4
0.443946 1
0.084387 1
0.239314 1
0.590774 1
0.120301 8
2.300683 92
0.969078 12
0.183785 22
1.061267 18
1.031790 4
0.500438 4
0.031854 4
0.030793 4
0.031579 4
0.031075 4
0.030816 4
0.033241 4
0.032968 4
0.031091 4
0.030558 4
0.032259 4
0.031570 1
0.031388 1
0.030814 1
0.030894 1
0.033777 1
0.031573 1
0.032988 1
1.539893 1
0.164205 1
0.985900 1
0.299648 11
1.865735 1
0.134785 11
0.775419 2
0.002131 16
0.000165 18
0.000214 2
0.000180 19
0.000199 2
0.000198 18
0.000175 2
0.000233 16
0.000176 2
0.000198 16
0.000195 2
0.000197 15
0.000237 2
0.000247 17
0.000562 24
0.000139 2
0.000665 90
601.491504 1
0.131723 1
2.197586 1
0.317406 1
0.174708 1
0.382152 1
0.660143 1
0.391161 1
0.162385 1
0.845931 1
0.339576 1
1.970394 1
0.152901 11
1.426829 2
0.001215 90
2.687613 1
0.211844 1
0.493081 1
0.189765 11
0.555269 2
0.002293 7
0.000737 90
2974.759522 14
0.162195 64
0.783447 1
0.178785 1
0.158650 1
0.376911 1
0.646161 5
0.162709 5
0.335505 2
0.000826 90
0.547420 22
0.171856 48
0.930703 1
0.175859 1
0.162841 1
0.177721 1
0.659319 5
0.172920 5
0.739321 10
10.147763 121
0.000366 90
46.514711 14
0.743785 2
0.000564 8
2.619212 1
14.227822 1
1.197387 1
0.240126 1
0.241132 1
0.670289 1
0.176911 1
0.735918 18
0.000490 90
88.007972 14
0.139915 64
0.976050 1
0.175130 1
0.137805 1
0.146892 1
0.149680 1
0.301355 3
0.646277 5
0.190000 5
0.345761 2
0.002196 90
0.712185 22
0.174547 48
1.173720 1
0.143103 1
0.191090 1
0.158968 1
0.674444 5
0.474159 5
6.591531 64
0.000326 90
27.634974 14
0.708333 2
0.000606 13
0.000355 13
0.000260 11
0.000163 2
0.000412 24
0.000232 21
0.000173 2
0.000371 26
0.000055 2
0.000260 32
0.000167 2
0.000234 22
0.000217 2
0.000197 35
0.000168 2
0.000224 35
0.000182 2
0.000312 35
0.000245 37
0.000531 148
0.000445 185
0.000409 148
0.000427 148
0.000463 76
0.000117 35
0.000402 111
0.000245 111
0.000415 111
0.000287 76
0.000258 37
0.000524 183
0.000282 111
0.000490 148
0.003744 483
0.000291 183
0.002179 444
0.000484 111
0.000723 111
0.000883 148
0.000737 148
0.000857 185
0.000437 39
0.001843 146
0.000467 185
0.000760 111
0.000633 111
0.000531 74
0.001224 74
0.000173 148
0.000848 148
0.000407 74
0.000530 74
0.000595 185
0.000836 113
0.000687 220
0.000666 222
0.000419 74
0.000439 111
0.000515 185
0.001415 185
0.001027 222
0.001201 333
0.000938 481
0.000817 333
0.000620 222
0.000551 185
0.001023 333
0.000551 111
0.000894 185
0.000804 148
0.000693 111
0.001408 185
0.000214 37
0.001017 74
0.000744 148
0.000711 259
0.000327 74
0.000541 185
0.000362 74
0.000294 74
0.005169 1665
0.000149 148
0.000605 222
0.000328 74
0.000329 37
0.000563 185
0.000289 74
0.000405 111
0.000476 148
0.001534 557
0.000601 220
0.000531 222
0.000394 111
0.000242 74
0.000376 74
0.000265 74
0.000400 74
0.000456 148
0.000272 74
0.000996 148
0.000361 74
0.002319 703
0.000742 259
0.002699 555
0.000179 148
0.000949 259
0.000682 148
0.000567 37
0.000301 74
0.002399 962
0.000726 185
0.000300 150
0.000535 220
0.000458 148
0.000296 76
0.000604 146
0.000490 185
0.000571 185
0.000281 76
0.000861 183
0.000589 185
0.000641 296
0.000492 76
0.000439 183
0.000409 148
0.000436 185
0.000241 74
0.000797 74
0.000584 74
0.000394 148
0.000459 148
0.000491 185
0.000474 185
0.000507 185
0.000416 148
0.000373 150
0.000319 109
0.000415 148
0.000370 222
0.000395 148
0.000409 148
0.000471 148
0.000312 111
0.000437 259
0.000444 185
0.000370 150
0.000429 222
0.000356 72
0.000370 185
0.000368 370
0.000397 148
0.000446 185
0.000422 148
0.000439 185
0.000367 150
0.000456 111
0.000488 222
0.000738 183
0.000870 444
0.000316 148
0.000502 185
0.000254 39
0.000291 72
0.000363 74
0.002637 851
0.000140 222
0.004961 2048
0.000043 135
0.000493 222
0.000574 259
0.000400 222
0.000382 222
0.000434 111
0.000435 148
0.000359 185
0.000402 187
0.000317 74
0.000522 257
0.000468 148
0.000520 113
0.000530 183
0.002255 816
0.000783 516
0.000462 259
0.000425 185
0.000307 74
0.000444 185
0.000281 74
0.000415 148
0.000427 150
0.000470 185
0.000375 109
0.000526 113
0.000444 220
0.000385 222
0.000432 111
0.000341 74
0.000488 150
0.000410 257
0.000406 185
0.000318 74
0.000404 259
0.000389 111
0.000334 74
0.000389 111
0.000846 76
0.000520 72
0.000416 111
0.000528 185
0.000361 74
0.000507 185
0.000429 148
0.000513 185
0.000497 148
0.001042 111
0.000386 148
0.000462 148
0.000606 222
0.002921 1221
0.006329 2048
0.000038 61
0.000189 113
0.000553 183
0.000242 74
0.000345 37
0.000485 150
0.000410 146
0.000326 111
0.000352 74
0.000570 148
0.000608 111
0.000719 333
0.001083 76
0.000383 109
0.000536 148
0.000344 74
0.000265 74
0.000442 111
0.001900 518
0.000262 187
0.000527 220
0.000254 74
0.000346 37
0.000452 150
0.000449 111
0.000435 185
0.000302 74
0.000513 183
0.000425 150
0.000360 220
0.000522 187
0.000351 72
0.000360 150
0.000456 296
0.000378 146
0.000614 296
0.000549 2
0.000585 481
0.000498 72
0.000540 296
0.000459 259
0.000470 187
0.000402 259
0.000466 183
0.000279 39
0.001582 592
0.000862 331
0.001040 113
0.001026 333
0.001209 368
0.000731 187
0.001387 331
0.000643 407
0.000750 222
0.001089 407
0.001668 740
0.001143 372
0.001088 222
0.000826 516
0.000904 444
0.000892 298
0.001436 220
0.000415 37
0.001109 296
0.004201 1554
0.000198 296
0.000951 335
0.001111 368
0.000813 333
0.000806 298
0.000843 331
0.000886 370
0.000438 111
0.000916 259
0.000729 333
0.001006 335
0.000424 183
0.000536 148
0.001216 296
0.001033 444
0.000553 150
0.000720 294
0.000859 335
0.000811 370
0.000720 331
0.000733 370
0.001075 333
0.001426 668
0.000803 296
0.000683 257
0.000767 296
0.000650 187
0.000931 405
0.000675 222
0.003044 1001
0.001167 442
0.005266 925
0.000707 296
0.001157 333
0.001408 296
0.000654 222
0.000957 407
0.000902 409
0.000642 220
0.000726 333
0.000765 333
0.000511 148
0.000780 296
0.000795 333
0.001707 407
0.000664 222
0.000789 296
0.000865 296
0.000500 111
0.000890 296
0.000807 296
0.000714 185
0.000569 296
0.000640 298
0.000798 331
0.000504 187
0.000887 331
0.001331 555
0.000775 333
0.000529 148
0.000818 296
0.002485 666
0.005616 777
0.000234 925
0.001228 372
0.000994 405
0.000832 298
0.000594 294
0.000654 222
0.000765 296
0.000817 333
0.000497 261
0.000766 331
0.001146 333
0.000921 481
0.000802 296
0.000570 185
0.000875 296
0.000741 222
0.000873 148
0.000866 261
0.000809 331
0.000575 185
0.000713 187
0.001010 479
0.001173 296
0.000745 185
0.000606 185
0.000945 335
0.000893 331
0.000834 296
0.000846 298
0.000868 442
0.002494 1073
0.001137 185
0.004166 999
0.000681 222
0.001094 333
0.000750 187
0.000655 220
0.001324 296
0.001048 481
0.000720 335
0.000642 148
0.000504 183
0.000698 222
0.000583 187
0.000725 296
0.000571 183
0.000749 296
0.000632 222
0.000934 333
0.000566 185
0.000560 148
0.001000 111
0.000899 296
0.000638 185
0.000926 407
0.000574 185
0.000754 296
0.000785 333
0.000713 370
0.000785 298
0.000886 407
0.001156 331
0.000581 150
0.000627 183
0.001024 335
0.002472 775
0.004648 1406
0.000220 298
0.000280 37
0.000198 72
0.000346 74
0.000474 111
0.000575 185
0.001006 333
0.000806 333
0.000444 111
0.000714 259
0.000791 296
0.000792 333
0.000443 111
0.000839 296
0.000805 296
0.000597 222
0.000803 296
0.000790 296
0.000981 333
0.000735 222
0.000741 222
0.000875 296
0.000718 148
0.001132 370
0.001288 555
0.000719 296
0.000585 148
0.000747 296
0.001000 185
0.000670 222
0.001024 370
0.000724 333
0.000989 296
0.001181 629
0.000787 372
0.002788 1034
0.007349 2048
0.000178 174
0.000498 294
0.004135 1443
0.001329 962
0.000795 296
0.001171 407
0.001121 483
0.000873 331
0.000803 333
0.000854 335
0.000857 220
0.000856 185
0.000972 296
0.001139 409
0.000470 294
0.000637 185
0.001039 333
0.001160 185
0.001168 520
0.001082 368
0.000500 296
0.000686 222
0.000696 222
0.002427 557
0.000221 368
0.004822 1591
0.000130 37
0.000745 222
0.001261 444
0.001138 372
0.000803 294
0.000899 296
0.000865 296
0.000787 370
0.000755 370
0.000465 259
0.000782 333
0.000776 333
0.000650 185
0.000648 185
0.000444 111
0.001058 407
0.000427 111
0.000574 111
0.000761 224
0.001106 405
0.001256 187
0.000779 257
0.000676 224
0.000904 442
0.001061 333
0.001028 518
0.000655 185
0.000624 185
0.000558 148
0.000615 148
0.000843 296
0.000601 185
0.000540 113
0.002305 590
0.004261 1519
0.001244 368
0.001190 444
0.000857 407
0.000427 259
0.000713 296
0.000536 150
0.000726 257
0.000899 296
0.000639 296
0.000432 113
0.000528 183
0.000747 296
0.000822 261
0.000578 220
0.000784 296
0.000633 296
0.000460 259
0.000763 407
0.000785 296
0.000815 370
0.000736 333
0.000807 333
0.000861 333
0.001405 481
0.001858 705
0.000804 333
0.000634 257
0.000933 407
0.000730 296
0.000699 335
0.000471 183
0.000808 296
0.000663 296
0.002748 999
0.005334 2048
0.000165 470
0.000721 516
0.000803 296
0.000854 296
0.000874 333
0.000869 370
0.000772 296
0.000917 333
0.000762 296
0.000766 259
0.000760 296
0.000679 296
0.000742 298
0.000743 368
0.000832 333
0.001200 481
0.000779 222
0.000543 222
0.000701 296
0.000769 370
0.001164 407
0.000562 111
0.001363 222
0.001088 407
0.000964 444
0.000678 222
0.000938 333
0.000516 259
0.000948 333
0.000700 150
0.000856 333
0.002630 851
0.004611 1626
0.000152 370
0.001303 444
0.000697 259
0.000593 148
0.001294 370
0.000656 185
0.000697 222
0.000576 148
0.000554 148
0.000810 187
0.001036 405
0.000586 113
0.000626 183
0.000470 111
0.000580 148
0.000919 296
0.000816 296
0.000595 113
0.000900 331
0.000512 111
0.000887 296
0.001077 407
0.001274 185
0.002665 888
0.000906 370
0.000617 296
0.000539 148
0.000723 222
0.001646 444
0.000886 407
0.002339 666
0.000350 333
0.004804 1702
0.000201 481
0.001553 370
0.000797 333
0.000774 407
0.000702 222
0.000815 407
0.001126 444
0.000473 296
0.000389 111
0.000585 148
0.000821 298
0.000828 294
0.000778 298
0.000509 294
0.000487 259
0.000588 185
0.000778 222
0.000762 333
0.000539 185
0.000579 185
0.000862 335
0.000587 183
0.000990 407
0.000955 298
0.003039 888
0.000548 1071
0.000285 37
0.000471 259
0.000561 185
0.000756 296
0.000771 370
0.000658 333
0.000740 261
0.005226 1959
0.000156 296
0.000129 37
0.000280 37
0.000616 185
0.006487 1776
0.001093 298
0.000857 333
0.000560 183
0.000598 148
0.000533 111
0.000864 296
0.000559 148
0.000634 111
0.000622 185
0.000615 185
0.000663 185
0.001010 333
0.000463 111
0.000895 296
0.000929 333
0.000707 185
0.001351 333
0.001027 222
0.000589 185
0.000614 148
0.000873 296
0.000899 333
0.001081 259
0.001010 557
0.000844 405
0.000785 333
0.000590 296
0.000620 222
0.000863 296
0.002413 703
0.000266 372
0.000295 72
0.000441 111
0.000631 185
0.004461 962
0.000069 298
0.000413 294
0.000400 37
0.000750 296
0.000687 222
0.000612 222
0.000936 333
0.000652 222
0.000826 333
0.000825 259
0.000767 333
0.000700 296
0.000735 261
0.000881 368
0.000515 148
0.000405 76
0.000484 148
0.000753 294
0.000793 261
0.000922 405
0.000782 333
0.000665 222
0.002764 999
0.000678 335
0.001217 442
0.000861 370
0.000512 111
0.000596 148
0.000529 111
0.000489 111
0.000502 111
0.000464 111
0.000609 148
0.002330 666
0.004803 1665
0.001452 407
0.001068 518
0.000805 409
0.000526 183
0.000808 333
0.000615 222
0.000868 407
0.000689 296
0.000595 185
0.000590 333
0.000633 333
0.000752 296
0.000777 407
0.000682 333
0.000955 518
0.000734 296
0.000723 370
0.000615 298
0.000805 405
0.000466 259
0.000656 335
0.000671 333
0.000959 257
0.003570 1517
0.000451 444
0.000785 259
0.000921 333
0.000896 333
0.000576 148
0.000534 111
0.002774 777
0.000179 259
0.004800 1519
0.000979 442
0.001274 296
0.000905 481
0.000848 407
0.000668 187
0.001244 405
0.000645 370
0.000570 37
0.000621 481
0.000842 333
0.000825 296
0.000776 259
0.000835 370
0.000770 333
0.000996 261
0.000966 444
0.000946 331
0.000771 296
0.000897 296
0.000632 185
0.001646 333
0.002376 1001
0.001360 738
0.001047 481
0.000445 148
0.000697 296
0.000501 111
0.002488 999
0.000995 185
0.004385 1591
0.000641 407
0.001325 259
0.001555 703
0.001045 407
0.000748 296
0.000756 407
0.000467 259
0.000541 148
0.000431 111
0.000757 296
0.000882 296
0.000825 335
0.000517 183
0.000862 185
0.000857 261
0.000900 368
0.000552 150
0.000855 331
0.000605 185
0.000777 333
0.000832 296
0.000627 185
0.000818 150
0.001470 294
0.001513 816
0.000566 183
0.000879 333
0.000521 296
0.000553 296
0.000505 113
0.000595 148
0.002385 553
0.001236 335
0.006641 2048
0.000332 133
0.000737 185
0.001242 481
0.000561 148
0.000856 296
0.001014 407
0.000931 407
0.000645 185
0.000820 296
0.000977 370
0.000664 185
0.000637 296
0.000613 185
0.000797 333
0.000675 333
0.000774 296
0.000751 259
0.000997 296
0.000536 148
0.000468 111
0.000980 296
0.000817 185
0.001374 370
0.001011 296
0.000615 185
0.000501 76
0.000895 331
0.000747 296
0.002514 962
0.004309 1739
0.001928 592
0.000896 483
0.000664 257
0.001203 407
0.001116 668
0.000502 183
0.000715 259
0.000912 298
0.001362 701
0.000734 333
0.000673 333
0.000407 111
0.000851 296
0.000580 333
0.000641 185
0.000838 296
0.000887 296
0.000630 222
0.000699 222
0.000587 111
0.000559 150
0.000970 331
0.001046 148
0.001088 518
0.001247 296
0.000710 187
0.000761 294
0.000860 333
0.000906 261
0.000452 257
0.002531 999
0.000511 370
0.005647 2048
0.000036 285
0.000955 553
0.000737 333
0.000570 333
0.000667 298
0.001374 518
0.000801 368
0.000990 407
0.000850 370
0.000794 407
0.000771 333
0.000734 296
0.000624 259
0.000442 259
0.000657 222
0.000634 296
0.000789 333
0.000743 298
0.000562 183
0.000787 296
0.000388 111
0.000564 185
0.000596 222
0.001046 333
0.001130 592
0.000588 185
0.000482 150
0.001762 516
0.001133 629
0.000694 296
0.000566 296
0.000523 222
0.002791 1110
0.005915 1926
0.000211 370
0.000739 257
0.000845 296
0.000762 296
0.000987 298
0.001035 222
0.001247 405
0.000957 481
0.000971 444
0.000560 222
0.001082 481
0.000810 333
0.000534 259
0.000539 148
0.000799 259
0.001134 298
0.000941 368
0.000880 296
0.000780 333
0.000681 187
0.000820 296
0.000703 183
0.001043 148
0.000881 333
0.001683 592
0.000636 259
0.000824 333
0.000784 296
0.002511 853
0.000652 331
0.004929 2048
0.000086 98
0.000833 518
0.001353 483
0.001008 370
0.000648 222
0.000818 331
0.001435 407
0.000680 148
0.001400 629
0.000702 333
0.000776 335
0.000516 257
0.000553 185
0.000788 333
0.000559 222
0.000521 148
0.000690 261
0.000855 331
0.000701 259
0.000675 333
0.000427 111
0.000667 296
0.000861 370
0.000721 259
0.000575 372
0.001000 257
0.000761 296
0.000997 409
0.001343 331
0.000524 222
0.000560 148
0.000941 296
0.002621 740
0.004733 1961
0.000647 259
0.000915 296
0.000692 259
0.000418 111
0.000863 296
0.000782 296
0.000633 222
0.000846 296
0.001070 259
0.000658 148
0.001373 370
0.000657 185
0.000835 333
0.000807 296
0.000705 407
0.000616 222
0.000746 296
0.000820 333
0.000789 298
0.000702 294
0.000794 333
0.000742 298
0.000752 220
0.000978 481
0.000754 333
0.000728 335
0.001147 405
0.000391 222
0.000768 444
0.001219 222
0.000585 185
0.000502 150
0.002757 960
0.000765 409
0.004758 1737
0.000214 296
0.000307 113
0.001022 553
0.000505 148
0.000939 407
0.000796 296
0.000544 185
0.000830 333
0.000720 296
0.000560 187
0.001548 220
0.000567 222
0.000531 185
0.000841 333
0.000565 111
0.000727 296
0.000671 335
0.000497 146
0.000774 333
0.000684 333
0.000643 296
0.000779 296
0.000669 296
0.000412 111
0.000807 296
0.000428 259
0.001013 185
0.000939 370
0.000589 296
0.000881 372
0.000726 405
0.000527 185
0.000726 296
0.001381 222
0.003147 890
0.008055 2048
0.000108 1206
0.001016 629
0.000787 222
0.000974 333
0.000708 298
0.000798 257
0.000662 148
0.000743 111
0.000649 222
0.000990 372
0.000583 222
0.000757 444
0.000763 405
0.000692 333
0.000438 111
0.000900 370
0.000720 333
0.000810 409
0.000650 257
0.000691 333
0.000652 296
0.000622 296
0.000498 148
0.000456 111
0.000830 296
0.000706 333
0.000822 185
0.001252 444
0.001190 296
0.002674 1258
0.000156 259
0.003881 1406
0.001184 333
0.000241 407
0.001295 520
0.000555 294
0.000813 259
0.000589 222
0.000643 222
0.000755 298
0.000615 220
0.000819 296
0.000779 296
0.000561 185
0.001116 296
0.000913 298
0.000940 405
0.000733 259
0.000503 111
0.000837 333
0.000794 296
0.000578 185
0.000779 296
0.000758 407
0.000666 296
0.001035 296
0.000566 185
0.000996 407
0.000745 370
0.000493 111
0.000803 333
0.000873 444
0.000541 185
0.000792 296
0.000683 333
0.000561 187
0.004099 1700
0.004844 2048
0.000123 357
0.000731 185
0.000974 407
0.000698 333
0.000972 444
0.000460 111
0.000621 222
0.000870 372
0.000730 259
0.000470 257
0.000485 259
0.000585 185
0.000648 259
0.000860 370
0.000966 222
0.000703 298
0.000564 183
0.000578 185
0.000757 298
0.000800 294
0.000445 296
0.000736 298
0.000808 331
0.000962 296
0.000603 333
0.000942 185
0.000823 444
0.000519 148
0.000829 333
0.000838 333
0.000800 298
0.000686 331
0.000699 333
0.000463 148
0.000634 222
0.003679 333
0.000201 777
0.005019 2048
0.000059 394
0.000952 407
0.000472 148
0.000827 298
0.000725 331
0.000972 444
0.000435 185
0.000746 333
0.000595 259
0.000644 296
0.000464 259
0.000900 444
0.000608 113
0.000696 72
0.000563 111
0.000888 370
0.000486 148
0.001037 409
0.001089 405
0.000795 296
0.000810 261
0.000739 442
0.001084 333
0.000464 148
0.000873 333
0.001025 296
0.000595 222
0.000861 298
0.000500 148
0.000480 146
0.000808 261
0.000784 331
0.000830 333
0.000959 298
0.003426 1182
0.001423 296
0.000203 333
0.000417 74
0.000475 113
0.003049 1219
0.000801 333
0.000438 111
0.001013 335
0.000910 407
0.000688 331
0.000732 333
0.000594 333
0.000566 185
0.000782 333
0.000600 333
0.000665 296
0.001133 555
0.000564 259
0.000673 259
0.000741 259
0.000733 185
0.000918 372
0.000976 516
0.000482 185
0.000595 187
0.000597 183
0.000543 148
0.000837 296
0.000897 296
0.000432 111
0.000764 222
0.000763 259
0.001080 259
0.001088 518
0.000846 333
0.000886 261
0.000522 146
0.001088 296
0.003739 629
0.000181 1073
0.000285 296
0.000253 185
0.000769 222
0.000588 185
0.003573 1406
0.000869 555
0.000569 222
0.000742 296
0.000820 298
0.000790 331
0.000405 150
0.000746 370
0.000498 148
0.000784 257
0.001134 261
0.001163 257
0.000828 446
0.000589 183
0.000760 296
0.000518 148
0.000946 298
0.000758 405
0.000383 111
0.000768 296
0.000720 298
0.000861 407
0.000389 109
0.000766 296
0.000845 333
0.001045 187
0.001340 775
0.000515 185
0.000459 148
0.000910 261
0.000770 442
0.000673 296
0.005456 2048
0.000088 63
0.000425 405
0.000808 370
0.004338 1591
0.001235 444
0.000701 335
0.000730 257
0.000461 111
0.000491 111
0.000508 113
0.000546 146
0.000490 111
0.001181 296
0.000817 333
0.000612 111
0.000800 296
0.000844 296
0.000818 296
0.000844 333
0.000744 296
0.000696 333
0.000673 333
0.000595 224
0.000602 331
0.000885 407
0.000828 298
0.001248 407
0.000697 368
0.001174 483
0.001218 294
0.000890 333
0.001428 298
0.000759 294
0.000249 37
0.000578 150
0.002791 960
0.000469 333
0.000566 185
0.004063 1406
0.000678 407
0.000724 222
0.000817 333
0.000482 148
0.000622 187
0.000815 294
0.000784 298
0.000659 220
0.000634 333
0.000992 296
0.001625 629
0.000864 518
0.000723 296
0.000636 150
0.000821 331
0.000526 148
0.000839 296
0.000628 296
0.000449 185
0.000513 259
0.000530 296
0.000493 224
0.000516 331
0.000529 150
0.001205 257
0.000491 148
0.000968 296
0.000787 333
0.000829 481
0.000420 111
0.000619 222
0.001030 335
0.001207 257
0.000705 222
0.002489 814
0.000877 335
0.004020 1404
0.000575 296
0.000961 409
0.000750 259
0.000919 407
0.000857 331
0.000661 222
0.000829 333
0.000722 335
0.000873 368
0.000969 222
0.000774 148
0.000906 333
0.000759 222
0.000437 111
0.000967 259
0.000500 259
0.000778 298
0.000889 331
0.000448 259
0.000592 185
0.000455 111
0.001048 259
0.000769 296
0.001033 298
0.000829 257
0.000898 296
0.000856 296
0.000711 185
0.000762 333
0.000556 148
0.000618 185
0.001393 222
0.002375 555
0.000138 298
0.000336 111
0.000757 220
0.000608 187
0.003599 664
0.002311 333
0.001276 444
0.000522 113
0.000758 331
0.000795 222
0.000570 185
0.001687 740
0.001406 259
0.001206 520
0.000762 405
0.000656 333
0.000776 370
0.000884 444
0.000600 333
0.001433 407
0.000200 296
0.000551 74
0.000178 74
0.000739 296
0.000878 296
0.001155 518
0.001005 372
0.000502 185
0.000671 183
0.000832 298
0.000498 148
0.000617 185
0.000636 257
0.003824 1223
0.000901 370
0.003029 1073
0.000950 516
0.001124 481
0.000521 224
0.000845 296
0.000704 294
0.000760 298
0.000766 294
0.000778 296
0.000837 372
0.000623 220
0.000708 296
0.000430 111
0.001214 481
0.000501 296
0.000521 259
0.000402 111
0.000493 148
0.000778 296
0.000795 224
0.000499 294
0.000896 446
0.000712 331
0.000547 185
0.000763 261
0.000525 220
0.000876 370
0.000732 333
0.000733 111
0.001088 481
0.000603 37
0.001098 666
0.000827 259
0.000780 333
0.000742 333
0.000681 222
0.004000 851
0.000794 370
0.000903 113
0.000616 111
0.003572 849
0.000720 333
0.000786 333
0.001016 444
0.001174 592
0.000464 259
0.000747 370
0.000492 111
0.000510 111
0.000445 111
0.001134 333
0.002350 814
0.000893 333
0.001299 409
0.000792 444
0.000869 442
0.000796 407
0.000862 444
0.000488 148
0.000725 222
0.000505 150
0.000637 220
0.000845 333
0.000545 185
0.001063 259
0.000641 187
0.000903 333
0.000520 183
0.000833 296
0.001261 296
0.003758 1073
0.000551 259
0.000564 74
0.000667 111
0.006901 1591
0.000609 296
0.000555 187
0.000557 183
0.000803 296
0.000730 298
0.001520 220
0.000741 222
0.000641 185
0.000511 111
0.000532 111
0.000926 333
0.000995 296
0.000821 259
0.000884 261
0.000711 257
0.000614 187
0.000729 257
0.001063 407
0.000573 150
0.000659 220
0.000793 296
0.000650 150
0.000584 146
0.000896 296
0.001983 296
0.004091 355
129.861426 14
1.026886 64
0.733015 1
0.177632 1
0.162467 1
0.159636 1
0.681514 5
0.116497 5
0.326267 2
0.000684 90
0.402111 22
0.156101 48
0.810622 1
0.173625 1
0.148817 1
0.135755 1
0.617206 5
0.141574 5
0.398614 68
0.000298 31
0.000254 2
0.001326 90
25.442500 14
3.118441 101
0.000287 90
41.594533 14
0.522687 100
0.000486 90
29.052616 14
0.715143 99
0.000391 90
26.458072 14
1.004389 2
0.000764 66
0.000197 29
0.000185 2
0.000711 90
85.090941 14
0.618580 99
0.000542 90
86.218528 14
0.987579 2
0.001023 66
0.000256 29
0.000410 2
0.000745 90
56.029535 14
0.497961 99
0.000292 90
53.333307 14
0.128281 64
0.870984 1
0.132926 1
0.154366 1
0.138713 1
0.630551 5
0.137425 5
0.203272 2
0.000583 90
0.427539 22
0.626675 1
0.193693 1
0.304630 46
0.683333 1
0.173290 1
0.150932 1
0.143654 1
0.455469 5
0.149634 5
0.454911 6
0.000305 90
116.108803 14
0.412263 1
0.167988 1
0.153491 1
0.138494 1
0.936450 60
0.452159 1
0.176724 1
0.159700 1
0.165358 1
0.652528 5
0.168928 5
1.431555 2
0.000527 90
0.635655 22
1.406623 1
0.175942 1
0.165984 1
0.168897 1
0.832673 44
0.558687 1
0.191789 1
0.148876 1
0.154391 1
0.612311 5
0.204059 5
0.429989 97
0.000403 90
32.174880 14
0.878427 96
0.000291 90
11.199184 14
0.608487 95
0.000341 90
60.410541 14
0.805417 1
0.187996 1
0.234545 62
0.259863 1
0.178856 1
0.222358 1
0.154373 1
0.562774 5
0.135709 5
0.164715 5
0.315280 2
0.000491 90
0.821867 23
0.151633 49
0.575827 1
0.200674 1
0.134617 1
0.150898 1
0.610903 5
0.160827 5
0.116253 5
0.741446 99
0.001164 90
50.651887 15
0.162157 68
0.799208 1
0.162745 1
0.138005 1
0.149584 1
0.450302 5
0.153810 5
0.299573 2
0.000852 90
0.444706 23
0.459329 1
0.163706 1
0.155509 1
0.150665 1
0.357996 46
0.419991 1
0.170826 1
0.142659 1
0.132682 1
0.386015 5
0.138469 5
0.532281 92
10.167854 15
1.742387 1
0.065135 1
0.122498 1
0.175834 1
0.109610 1
0.102434 1
0.084430 1
0.091449 1
0.612560 13
0.000415 90
54.857262 23
0.475566 1
0.499984 1
0.029951 1
0.029481 1
0.030177 1
0.538602 6
0.417186 68
0.566680 1
0.153468 1
0.143724 1
0.156071 1
0.458150 5
0.158715 5
0.198515 2
0.000837 90
0.454747 23
0.471742 1
0.172859 1
0.350825 44
0.524924 1
0.483159 45
0.195261 26
0.490983 23
0.181966 46
0.142575 11
0.391026 1
0.161590 1
0.162335 1
0.170478 1
0.151882 1
0.519012 3
0.464382 5
0.232107 5
1.137346 2
0.001651 64
0.000177 66
0.000206 2
0.000988 90
207.191356 1
0.157424 1
0.541827 1
0.273117 1
0.341718 1
0.262467 1
0.195693 1
0.291299 1
2.136235 1
1.467051 1
0.139370 1
0.128615 1
0.429247 1
0.050192 1
1.193784 1
0.179744 1
0.054432 1
0.501229 1
1.335443 3
0.149735 3
0.175885 3
0.612883 3
0.252112 3
0.135641 3
2.323273 3
0.251679 3
0.548136 3
0.705245 3
0.148733 3
0.441039 3
0.240979 3
0.189941 3
1.146589 7
0.180924 7
0.166675 7
0.152681 7
0.158795 7
3.011565 3
0.150373 3
2.706054 3
0.250596 3
0.836705 3
1.553921 3
1.045260 3
2.462614 3
1.407739 3
0.147731 1
2.216754 92
2.350882 1
0.235958 1
0.098661 1
0.249325 1
0.805761 1
0.271100 1
0.216065 1
0.344639 1
0.505137 2
0.248790 30
0.013033 90
6.234165 8
0.492448 1
0.212922 1
0.329691 3
0.347490 41
0.389041 1
0.499792 1
0.029866 1
0.033749 1
0.030985 1
0.032394 1
0.031010 1
0.033229 1
0.033527 1
0.212852 1
0.183968 1
0.176099 1
0.342531 5
0.484383 92
0.555437 35
0.685432 102
1.017102 2
0.004857 100
95.511039 8
0.132152 43
0.140942 46
0.124231 42
0.147364 54
0.120275 68
0.146674 46
0.134556 11
0.136774 68
0.136941 50
0.142608 68
0.139344 49
0.126476 64
0.441171 1
0.379628 47
0.469237 1
0.138847 1
0.145679 1
0.149624 1
0.621165 5
0.164780 5
0.421551 50
0.000365 100
2.835650 1
0.056157 1
4.877533 1
0.165457 1
0.180976 1
0.317578 4
0.175726 4
0.234374 1
0.128168 1
0.275790 92
1.308652 5
0.184964 19
0.161560 26
0.151086 43
0.354224 102
0.188974 22
0.659026 2
0.001615 66
0.000157 30
0.000252 2
0.000680 90
103.220092 14
0.715471 2
0.002109 7
0.000324 5
0.000191 2
0.000300 5
0.000183 2
0.000320 5
0.000421 2
0.000354 5
0.000334 2
0.000706 90
136.411700 14
0.711938 1
0.196351 1
0.154082 1
0.337911 1
0.925889 5
0.107230 5
0.241577 2
0.002678 1
0.002011 1
0.000227 1
0.000819 90
21.415036 1
0.208926 1
0.240120 1
0.207024 1
0.453827 8
0.016362 113
1.760181 1
0.189022 1
0.421997 1
0.304423 1
0.251203 1
0.184932 1
1.189121 2
0.005766 40
0.005122 73
0.881149 1
0.290414 1
0.211850 1
0.230116 1
0.315193 8
