0.031009 72
8.582722 1
0.132364 1
0.120542 1
0.355806 1
0.182947 1
1.149141 1
0.295541 1
0.059405 1
0.694167 1
0.327704 3
0.065327 3
0.288359 3
0.133704 3
0.415630 2
0.000604 31
0.000157 2
0.000381 72
3.066610 1
0.587692 1
0.227250 1
0.425652 1
0.356137 1
0.585712 1
0.360751 1
0.130782 1
0.161413 1
1.849750 1
0.842251 4
0.289348 1
1.536191 1
0.730364 1
1.470128 1
0.064240 1
0.472902 1
2.106354 3
1.197739 3
0.899375 3
0.330559 3
0.923413 3
1.970145 3
1.915351 3
2.758973 3
2.036118 138
1.165305 21
0.433106 1
0.501976 1
0.030400 1
0.030915 1
0.030874 1
0.032831 1
0.029903 1
0.030161 1
0.030526 1
0.851484 3
0.218185 3
0.199401 3
0.196621 3
6.545713 3
0.501776 3
0.031008 3
0.030698 3
0.033071 3
0.031963 1
0.032824 1
0.030862 1
0.462407 4
2.147199 4
0.501500 4
0.030878 4
0.030818 4
0.030793 4
0.030421 4
0.030670 4
0.045857 4
0.046021 4
0.045261 4
0.030620 4
0.031022 4
0.031053 4
0.031042 4
0.030851 4
0.044922 4
0.030162 4
0.030899 4
0.031351 4
0.031355 4
0.045776 1
0.031151 1
0.030475 1
0.029618 1
0.030571 1
0.031837 1
2.425988 1
0.299372 1
0.962647 1
0.300247 74
1.321532 1
0.621767 1
0.163710 1
0.472463 74
0.415207 3
0.143301 6
0.772502 24
0.454438 84
70.334186 1
0.338264 1
0.251057 1
0.422355 1
1.093088 1
0.569665 1
0.504277 1
0.276434 1
0.211867 1
0.523386 4
0.113644 1
1.426880 1
0.490328 1
0.195056 1
0.071942 1
0.435398 1
1.082102 1
0.319381 1
0.971730 1
0.323551 1
2.214461 4
0.210134 1
1.094108 1
0.916361 1
0.453167 1
0.140633 1
0.961835 92
3.586079 22
0.404229 1
0.510434 1
0.031108 1
0.030403 1
0.030639 1
0.030901 1
0.184447 1
0.199758 1
0.625492 3
0.239114 19
0.636178 15
0.644964 92
17.955272 1
0.186669 1
0.212050 1
0.719478 1
0.609052 1
0.344458 1
0.130692 1
0.268368 1
1.497147 3
0.319427 3
0.101552 3
0.260665 3
0.093961 3
2.913100 81
65.523074 1
0.198749 1
0.606779 1
0.718524 4
0.132789 4
0.172571 4
0.846105 1
0.198880 1
0.306514 1
0.422029 1
1.791927 8
