0.031135 72
3.480059 1
0.344111 1
0.204914 1
2.156938 1
0.824166 4
0.146738 1
0.221949 1
0.297537 1
0.188740 1
0.976619 1
0.647226 1
0.234027 1
0.284446 1
0.205988 1
0.512820 2
0.158798 22
0.000260 2
0.011547 72
1.298942 12
0.449144 1
0.223954 1
0.810112 9
0.544389 5
4.584405 2
0.120303 22
0.000264 2
0.011766 72
10.243384 1
0.196829 1
0.121614 1
0.309457 1
0.549162 2
0.027587 72
3.408848 2
0.402095 11
0.489336 21
0.557825 16
0.546285 16
0.188240 17
0.185224 14
0.290762 5
0.420741 1
1.725656 1
0.364814 1
0.187850 1
1.725159 1
0.267229 1
0.794986 1
0.379626 1
3.938974 1
0.465925 1
0.812025 4
0.347659 1
0.354509 1
0.221024 1
0.651520 2
0.124914 22
0.000249 2
0.012898 72
136.880613 11
0.217107 16
0.386564 13
0.482022 2
0.123549 22
0.000321 2
0.013596 72
107.515185 11
0.460171 1
0.501920 1
0.030441 1
0.031647 1
0.319526 1
0.159791 1
0.163985 1
0.454582 19
0.424125 74
0.790458 10
0.504009 1
0.502365 1
0.030241 1
0.031131 1
0.377216 1
5.835970 3
0.160484 3
0.152590 3
0.158841 3
0.149745 3
0.449082 4
0.191919 4
0.159902 4
1.829696 1
0.268053 1
0.183948 1
0.369028 74
0.425496 10
0.607096 1
0.261807 1
0.280216 1
0.848586 3
0.678977 3
0.220448 7
0.262232 7
0.229871 3
0.681351 1
0.141648 1
0.479524 74
0.489035 10
0.398219 1
0.181427 1
0.179828 1
0.161573 1
0.158153 1
0.289497 15
0.164805 11
0.215767 3
0.203782 3
0.205973 3
0.198069 3
0.387043 7
0.155679 7
0.240917 3
0.166999 4
0.875294 1
0.295500 1
0.200984 1
0.720425 74
0.375216 10
0.367941 1
0.219739 1
0.169208 1
0.182179 1
0.186605 1
0.164869 1
0.485304 3
0.125403 15
0.158909 11
0.132046 3
0.172389 3
0.169722 3
0.141148 3
0.207931 3
0.202591 4
0.180009 4
0.149721 4
1.488009 1
0.150715 1
0.169891 1
0.076269 1
0.166773 1
0.445379 74
2.924717 1
0.339555 1
0.223981 1
1.539446 1
0.689331 1
0.037994 1
0.744312 1
0.686526 3
0.382836 3
0.220031 3
0.167803 3
0.277343 3
1.501133 3
0.324509 3
0.265318 3
0.304389 3
0.765731 3
0.249083 3
0.282504 3
0.294322 3
0.602816 3
0.227005 3
0.127810 3
0.091335 3
0.181825 3
0.918523 74
5.030624 1
0.282424 1
0.590770 1
0.146707 1
0.887336 1
0.455111 1
0.943308 1
0.053438 1
0.459979 1
1.856921 3
0.358741 3
0.177877 3
1.418763 3
0.293371 3
0.093525 3
1.840585 3
0.922491 1
0.753398 1
1.000115 1
0.032776 1
0.436847 1
1.568941 3
0.341570 3
0.187837 3
0.667095 3
0.209105 3
0.169658 3
2.501208 84
100.782473 1
0.236043 1
0.199989 1
0.233170 1
0.255099 1
1.188735 1
0.298385 1
0.346690 1
0.223005 1
0.941454 1
0.168808 1
0.131502 1
2.464491 74
0.452820 12
0.542361 4
0.157625 4
0.188960 4
0.879351 74
1.447487 1
0.293515 1
0.151683 1
0.208129 1
0.106408 1
0.346661 1
0.727448 1
0.205062 1
0.573671 1
0.342599 1
0.845138 1
0.173642 1
0.196049 1
0.122599 1
0.571665 1
1.066238 1
1.011628 2
0.172274 25
0.000229 2
0.012824 72
4.761608 16
0.533085 1
0.501199 1
0.030252 1
0.031752 1
0.031714 1
0.033038 1
0.031894 1
0.030133 1
0.031670 1
0.232790 1
0.199481 1
0.194619 1
0.171539 1
0.201172 5
0.265692 74
0.696466 15
0.616290 4
0.502978 4
0.033199 4
0.030714 4
0.030793 4
0.032187 4
0.032836 4
0.645362 4
0.149849 4
0.151896 4
0.215331 441
20.199735 1
0.133250 1
0.272345 1
0.357743 1
1.593624 1
1.697124 1
0.163755 1
0.000318 3
1.944847 1
0.234019 1
4.219502 2
0.134670 2
0.000296 51
0.000255 2
0.000321 2
0.000311 62
0.000148 2
0.000253 58
0.000149 2
0.000292 46
0.000145 2
0.000288 58
0.000144 2
0.000229 58
0.000341 2
0.000243 58
0.000149 2
0.000288 2
0.013032 72
3.707716 1
0.151437 1
0.447162 1
0.996721 1
0.284260 1
0.367779 1
0.696589 1
0.487995 1
0.317485 1
0.344769 1
2.139181 4
0.199769 1
0.538692 2
0.015294 39
0.003027 66
0.000441 27
0.000391 685
2.688952 1
0.564877 1
0.190386 6
0.017011 4
0.000277 2
0.018863 6
0.017148 4
0.000130 2
0.045869 4
0.000140 2
0.015494 4
0.000139 2
0.044555 4
0.000322 2
0.408759 82
0.000530 42
0.016513 220
0.000227 61
0.009645 152
0.000157 103
0.010626 161
0.000153 108
0.018113 127
0.000330 207
0.000131 85
0.008546 89
0.000166 119
0.022832 116
0.000388 165
0.294651 122
0.000125 100
0.017086 224
0.000188 104
0.009395 174
0.010326 90
0.000118 42
0.008582 287
0.013091 219
0.017716 195
0.330282 208
0.010852 137
0.011221 217
0.008812 212
0.000957 72
0.010