0.036523 73
239.939298 1
0.122405 1
1.023017 1
0.229013 1
0.703373 1
0.139970 8
2.099624 1
0.162472 5
1.777849 4
1.583931 2
0.001804 6
0.000302 2
0.000252 6
0.000068 2
0.000054 8
0.000051 2
0.000051 7
0.000050 2
0.000051 10
0.000050 2
0.000050 8
0.000050 2
0.000050 7
0.000050 2
0.000050 5
0.000438 73
21.419012 1
0.168507 1
0.330719 1
7.551501 2
2.468271 1
0.349579 1
0.392932 1
1.391545 7
2.165871 73
16.875690 1
0.064143 1
0.910321 1
0.676434 1
1.891826 1
0.413021 1
1.030072 1
0.231934 1
1.368456 1
1.516388 1
10.051189 2
0.003776 4
0.000112 33
0.000066 2
0.000070 43
0.000054 2
0.000060 37
0.000053 2
0.000480 73
2.352257 10
1.465705 1
0.460123 1
0.315611 1
1.016736 1
1.581627 1
1.748237 1
0.307471 1
1.110352 1
1.061457 2
5.947738 1
0.203796 1
0.155024 1
0.268959 1
0.522850 8
5.080528 73
14.805889 1
0.112482 1
0.304400 1
1.492283 1
0.721230 1
0.084723 1
0.324274 1
0.409924 1
0.203968 1
0.404093 1
0.214983 1
0.570521 1
0.545173 1
0.432523 1
0.952457 1
0.131779 1
0.086370 1
7.689643 1
0.505539 1
0.030871 1
0.032897 1
0.031282 1
0.030898 1
0.030782 1
0.378995 1
0.649730 21
0.125462 17
0.423172 26
1.468547 18
0.515057 18
0.031022 18
0.030404 18
0.045207 18
0.078278 3
0.506000 3
0.032010 3
0.031104 3
0.030808 3
0.031721 3
0.032639 3
0.031318 3
0.327930 4
0.505428 4
0.031975 4
0.031743 4
0.031940 4
0.031371 4
0.030478 4
0.031859 4
0.032331 4
0.031516 4
0.031869 4
0.032168 4
0.031775 4
0.029922 4
0.030140 4
0.031116 4
0.045345 4
0.120654 5
1.159322 1
0.444237 5
2.228456 1
1.045945 1
1.049934 1
0.138910 8
2.066471 1
0.341705 1
1.536445 1
0.151568 1
0.280340 1
0.842981 1
0.116420 1
0.215118 1
0.160866 1
2.920164 2
0.002619 73
2.791398 1
0.321467 1
0.287351 1
1.572572 1
0.490155 1
0.155686 8
1.350901 1
0.414033 2
0.597671 1
0.758377 1
0.149365 7
1.604247 2
0.001484 6
0.000150 2
0.000057 6
0.000051 2
0.000051 8
0.000051 2
0.000050 7
0.000049 2
0.000050 10
0.000050 2
0.000049 8
0.000049 2
0.000049 7
0.000049 2
0.000050 5
0.000502 73
9.603713 1
0.216823 1
0.141678 1
0.192127 1
0.788603 1
0.578057 1
0.187456 1
0.319694 7
2.739016 1
0.179859 1
0.469997 1
0.112845 3
2.015460 1
0.079452 8
1.093158 1
0.453350 1
0.087510 1
1.083129 1
0.134785 7
2.051814 2
0.005229 73
9.429126 1
0.246224 1
0.478154 1
0.444139 1
0.313598 1
0.611672 1
0.611974 1
0.084359 1
0.287879 7
1.788019 1
0.515438 1
4.296141 2
0.003493 52
0.000103 2
0.000076 48
0.000101 2
0.000457 73
10.772424 1
0.149754 1
0.376630 1
0.770558 1
0.427148 1
0.101478 1
0.359834 1
0.232564 6
1.734638 1
0.286370 1
0.994803 1
0.513244 3
1.284210 1
0.538572 4
0.321605 1
0.167677 1
0.613014 1
0.535482 1
0.097376 1
0.554809 1
0.242641 6
1.801000 1
1.112322 1
0.409967 1
0.133489 1
0.333774 1
1.127313 1
0.159603 1
0.212197 1
0.111911 1
2.401509 2
0.001920 73
1.817055 1
0.146803 1
0.375795 1
0.140755 1
0.267093 1
0.099858 8
0.555259 1
1.347199 2
0.785005 1
0.130805 7
0.856554 2
0.001677 6
0.000087 2
0.000055 6
0.000053 2
0.000051 8
0.000050 2
0.000051 7
0.000050 2
0.000050 10
0.000051 2
0.000049 8
0.000050 2
0.000050 7
0.000049 2
0.000050 13
0.000049 2
0.000050 7
0.000050 2
0.000049 10
0.000090 2
0.000051 5
0.000049 2
0.000050 8
0.000050 2
0.000050 12
0.000380 73
366.796454 1
0.352423 1
1.370430 1
18.364501 1
1.899937 1
0.107794 1
0.628786 1
0.168875 1
0.875075 1
0.218062 1
0.165711 1
0.201246 1
0.187703 1
0.106576 1
0.965680 1
1.242806 1
0.702223 1
0.738611 1
0.579752 1
0.337503 1
0.367840 1
0.226019 1
0.596813 1
0.835201 1
0.344385 1
0.216116 1
0.527394 4
0.687377 1
0.293323 1
0.152856 1
0.205839 1
0.783816 4
0.091310 1
0.092692 1
1.783292 2
0.124488 39
2.357270 2
1.587902 492
0.150254 72
14.255077 1
0.087310 1
0.322672 1
1.471638 1
0.577010 1
1.798551 1
0.775823 1
0.217703 1
0.634086 1
0.207707 1
1.171053 1
0.164561 1
0.271255 1
1.012839 1
0.456897 1
0.108639 1
0.083266 1
4.714093 2
2.288791 1
0.087959 1
0.154751 1
0.155583 1
0.026385 1
0.125762 1
1.602859 2
1.830007 72
3.583193 1
0.159776 1
0.300443 1
0.895340 1
0.329451 1
0.184771 1
0.869387 1
0.277958 1
1.219216 1
0.508219 1
0.160908 1
0.182364 8
1.638533 2
0.002519 63
0.000712 72
3.902565 18
1.044646 4
0.502184 4
0.031545 4
0.030119 4
0.031893 4
0.032051 4
0.030772 4
0.030778 4
0.030972 4
0.031954 4
0.031944 4
0.030803 4
0.031100 4
0.031651 4
0.029911 4
0.031125 4
0.031823 4
0.029955 4
0.033270 1
0.031984 1
0.032834 1
0.033058 1
0.031950 1
0.032786 1
0.030838 1
0.034014 1
0.032793 1
0.032245 1
0.031592 1
0.032085 1
0.067725 1
0.089827 1
0.407384 1
0.169081 1
0.556472 1
0.375705 1
0.137171 10
1.529960 2
0.002554 8
0.000706 72
9.229626 1
0.099470 1
0.975784 1
0.748317 1
0.143582 1
0.623444 1
0.986447 3
0.863827 3
1.404652 3
0.225311 3
0.323387 3
1.283804 1
0.180377 1
0.908311 3
0.235180 1
0.351503 1
1.011486 1
0.579098 1
0.391831 1
0.547619 1
0.194072 1
0.755347 1
3.991164 1
0.763379 1
0.661219 1
0.229057 1
4.323507 1
0.126797 1
1.772233 1
0.177114 1
0.204050 1
0.197105 1
0.970120 1
0.520733 1
0.112271 1
0.099640 1
1.877712 2
2.754130 1
0.460306 1
0.439019 3
0.191789 3
0.773677 1
0.212550 1
0.272075 1
0.175698 1
0.526471 1
0.513329 1
0.066136 1
0.274567 1
0.131718 1
0.805531 2
5.476221 72
7.992736 31
0.140249 85
0.553362 47
0.694549 67
0.436963 31
0.170384 85
0.463627 64
2.021137 1
0.499442 1
0.031961 1
0.030896 1
0.031809 1
0.031104 1
0.340828 3
0.303665 5
0.191590 5
0.173162 5
0.150576 5
0.173524 5
0.157680 5
0.503428 5
1.153694 5
0.122374 5
0.202221 5
0.139442 5
0.686069 2
0.000543 63
0.000773 72
2.686677 17
0.203426 1
0.502089 1
0.032792 1
0.030830 1
0.030894 1
0.030994 1
0.032079 1
0.030698 1
0.030952 1
0.180434 1
0.189258 1
0.157557 1
0.296300 5
0.499363 5
0.030789 5
0.031657 5
0.032737 5
0.032843 1
0.031138 1
0.030308 1
0.033011 1
0.033117 1
0.030688 1
0.056464 5
0.026781 5
0.321936 5
0.687170 85
42.471127 1
0.127639 1
12.177697 4
0.207614 4
0.181315 1
0.202969 1
9.403692 1
0.186883 1
0.285274 1
0.285039 1
20.486812 4
1.058896 1
1.670943 4
0.209715 4
0.196083 4
0.182916 4
0.150676 1
733.918169 76
1.974534 76
4.014992 76
4.379844 76
1.591679 76
1.406258 76
1.160773 76
1.216336 76
0.946024 76
0.946907 76
93.737871 1
0.154599 1
0.176903 1
1.230047 1
0.304150 1
0.067482 1
0.230674 1
2.038221 1
0.617637 1
0.086997 1
1.013462 1
0.160498 1
0.350004 1
1.034964 1
0.300764 5
2.401795 4
0.933659 10
0.000494 8
0.000279 8
0.000227 2
0.000229 7
0.000287 2
0.000476 40
0.000476 72
1.259247 17
0.581484 1
0.231306 1
0.500478 1
0.031232 1
0.033155 1
0.030831 1
0.031026 1
0.032082 1
0.156585 1
0.187688 1
0.172442 1
0.185345 1
0.183155 1
0.675572 27
0.177091 27
0.513052 77
0.000266 72
7.722655 1
0.127600 1
2.644614 1
0.790920 1
0.219121 1
0.591903 4
0.178570 4
0.475282 1
0.110372 1
0.257082 1
0.469302 3
0.284614 3
1.832762 3
0.190768 3
0.287342 3
1.724499 3
0.383884 1
0.413559 1
2.332248 1
0.894080 1
1.564463 1
0.384981 1
0.209061 1
0.252213 1
0.936147 1
1.289517 1
0.516398 1
0.657268 1
0.683069 1
0.077450 1
0.263929 1
0.176953 1
0.266998 1
1.396917 1
0.161709 1
0.234175 1
1.946354 1
0.339594 1
0.107525 1
0.975348 1
31.231865 2
0.001097 48
0.001001 72
16.368175 33
0.465923 1
0.502319 1
0.031806 1
0.031391 1
0.032630 1
0.033022 1
0.031191 1
0.228379 3
0.502858 3
0.032208 3
0.030601 3
0.031024 3
0.030681 3
0.030860 3
0.783839 1
0.224122 1
0.261189 1
1.317225 1
0.096359 1
0.213109 1
0.203400 6
1.402099 1
0.188790 1
1.726441 1
0.574495 4
0.152879 1
0.106361 1
0.898482 1
0.136625 1
0.204071 1
0.154400 1
1.115686 1
0.313507 1
0.128167 1
0.111804 1
2.143714 50
0.000415 72
12.141795 56
0.409950 1
0.500391 1
0.031669 1
0.032978 1
0.030364 1
0.033085 1
0.032928 1
0.030862 1
0.032788 1
0.032838 1
0.029334 1
0.033964 1
0.031935 1
0.031395 1
0.032778 1
0.033077 1
0.031046 1
0.030384 1
0.030436 1
0.032994 1
0.033095 1
0.031683 1
0.029910 1
0.034076 1
0.029703 1
0.032220 1
0.031746 1
0.031834 1
0.030948 1
0.033012 1
0.686623 5
0.179667 5
0.616451 3
0.211280 3
0.165557 3
2.366533 5
2.925249 16
0.145505 88
0.592353 32
0.506223 28
1.158780 1
0.501825 1
0.606306 50
0.258413 40
0.721204 43
0.401722 1
0.500563 1
0.030409 1
0.033802 1
0.819860 9
0.218974 1
0.183935 1
0.189353 1
0.170583 1
0.516995 21
0.166689 17
1.548396 68
0.000067 5
0.000182 2
0.000251 2
0.000690 72
1.328304 34
0.189722 23
3.774044 2
0.011745 72
29.068291 1
0.099569 1
0.596835 1
0.135424 1
1.140817 1
0.163908 1
0.831658 1
0.115361 1
0.316329 1
0.976223 1
0.127210 1
0.078437 5
1.040135 1
1.021559 3
0.885564 1
1.650873 1
0.017237 2
2.160893 1
0.146836 1
0.622803 1
0.140488 6
0.989891 1
1.488196 1
0.301339 1
0.115478 1
0.381404 9
2.130016 2
0.003487 137
0.000315 2
0.000789 72
0.997724 41
0.682702 67
1.668471 1
0.128658 1
0.248188 1
0.429054 1
0.453916 1
0.226018 1
0.180213 1
0.214093 6
1.310852 1
0.771065 1
0.983639 1
0.199768 1
0.139138 9
1.252513 2
0.002405 8
0.000402 8
0.000482 10
0.000244 7
0.000225 2
0.000181 10
0.000389 2
0.000055 8
0.000195 2
0.000177 7
0.000191 2
0.000243 5
0.000347 4
0.000701 72
23.286503 1
0.188816 1
0.428183 1
0.432876 1
1.323494 4
0.354598 1
0.233291 1
0.251961 1
1.080387 2
0.006224 113
1.307140 1
0.173593 1
0.411984 1
0.142611 1
0.354800 8
