0.038483 73
3.579940 1
0.086293 1
0.526676 1
0.423929 1
0.164844 1
0.164692 1
0.207987 1
0.364968 1
0.739407 1
0.191081 1
0.287297 1
0.239926 1
0.153796 1
0.193912 1
3.598782 2
0.002199 73
1.113335 1
1.049162 1
0.208048 1
4.792870 90
8.341544 1
0.138508 1
0.226140 1
2.517949 1
0.344637 1
0.159759 1
0.596901 1
0.639093 1
0.257331 1
0.513552 7
1.968154 1
0.157638 1
0.458309 1
0.246114 1
0.508483 1
0.090300 1
0.091316 1
1.083071 1
0.185980 1
0.185291 1
0.157502 1
0.157575 1
0.453300 15
0.373821 11
0.634506 3
0.199639 3
0.187722 3
0.216548 3
0.187230 3
0.184990 1
0.321855 2
0.002096 4
0.000084 32
0.000109 27
0.000066 2
0.000489 73
6.915775 23
0.810138 1
1.039586 22
0.383972 5
0.056034 5
1.508446 3
0.500568 3
0.031028 3
0.030588 3
0.029507 3
0.034000 3
0.032038 3
0.031080 3
0.032494 3
0.030834 3
0.032982 3
0.029502 3
0.031302 3
0.032623 3
0.034419 3
0.029871 3
0.031216 3
0.033167 3
0.031500 3
0.030669 3
0.033727 3
0.031756 3
0.030857 3
0.033002 1
0.032594 1
0.033250 1
0.064504 4
0.499901 4
0.032181 4
0.029867 4
0.030351 4
0.030588 4
0.033491 4
0.031796 4
0.030099 4
0.032158 4
0.033770 4
0.032616 4
0.032158 4
0.031784 4
0.031831 4
0.031857 4
0.030954 4
0.030812 4
0.033294 4
0.031937 4
0.031985 4
0.031749 4
0.031222 4
0.032771 4
0.032712 4
0.032964 1
0.030984 1
0.170065 1
0.063261 1
11.235587 1
19.377317 1
0.131284 8
0.445606 93
5.891754 1
0.265076 1
0.301493 1
0.239108 1
0.194056 1
0.826903 1
0.741523 1
0.495201 1
0.202035 1
0.327651 1
0.310340 1
0.131544 1
0.106748 1
1.045646 2
0.004426 91
1.839761 13
0.361939 29
0.422463 35
1.295732 1
0.501462 1
0.030990 1
0.030285 1
0.033059 1
0.232257 1
0.346609 1
0.313043 19
0.160759 19
0.183977 19
0.179731 17
0.156774 19
0.157726 19
0.194997 19
0.180778 19
0.163951 19
0.446446 2
0.002478 43
0.000085 2
0.000402 91
47.263315 1
0.162578 1
0.324778 1
1.110177 1
1.022989 1
0.405837 1
0.726470 1
0.216912 1
0.287480 1
4.129732 4
0.192832 4
0.204928 4
2.573210 1
0.099463 1
0.228140 1
0.428093 1
1.388583 1
0.372850 1
0.407921 1
0.037116 1
0.719795 1
0.952271 3
0.316449 3
0.184770 3
0.231080 3
0.437153 3
1.003820 7
0.184895 7
0.170893 7
0.159610 7
1.059129 3
0.153663 3
0.221064 3
0.255190 3
2.041543 3
31.097099 1
1.232779 1
0.712455 1
0.129638 1
0.448992 1
1.540407 1
0.211120 1
0.105391 1
0.168839 1
0.994736 4
0.178111 1
2.206026 1
0.565788 1
1.538599 4
24.477468 188
27.981821 1
4.224006 4
52.617124 1
0.104596 1
0.241064 1
0.373893 1
1.581386 1
0.191936 1
1.148344 1
0.763745 1
0.196138 1
0.374601 1
3.729529 1
2.018748 1
0.289459 1
0.269399 1
0.323362 1
0.119585 1
0.495429 1
0.107375 1
1.399613 1
0.214157 1
0.684223 4
0.311423 1
2.525094 1
0.399934 1
0.538449 1
0.172796 1
0.462225 1
1.605592 1
0.415996 1
0.236183 1
0.413064 1
0.195949 1
0.324375 1
0.179913 1
0.244351 1
1.221662 1
0.867097 1
0.600810 1
0.221051 1
0.293437 1
0.215020 1
1.190716 1
0.179707 1
0.202134 1
0.172711 1
1.346336 1
0.599923 1
13.805020 2
0.020844 7
0.000111 1
0.000061 8
0.000059 1
0.000058 1
0.000057 2
0.000057 1
0.000058 40
0.000058 2
0.000068 7
0.000057 1
0.000058 11
0.000108 1
0.000059 1
0.000057 2
0.000058 1
0.000057 27
0.000058 2
0.000065 7
0.000057 1
0.000057 14
0.000057 1
0.000057 1
0.000057 2
0.000057 1
0.000057 26
0.000058 2
0.000065 75
0.000080 2
0.000067 44
0.000058 2
0.000421 91
136.525896 1
0.083287 1
0.138383 1
0.847403 1
0.779554 1
0.100344 6
0.662845 2
0.001350 15
0.000075 2
0.000052 22
0.000051 2
0.000050 21
0.000049 2
0.000050 22
0.000051 2
0.000392 91
114.317935 1
0.076289 1
0.899236 1
1.640970 1
0.932274 1
0.871131 1
0.258279 1
0.191798 1
0.210004 1
0.170923 1
1.108347 1
1.373428 1
0.549692 1
2.600250 1
0.429274 1
1.419589 1
0.707296 1
0.340814 1
0.656024 1
0.238194 1
0.228959 1
0.172911 1
3.860072 2
0.000728 38
0.000090 2
0.000473 91
6.216334 22
0.324937 1
0.500997 1
0.030737 1
0.031555 1
0.030514 1
0.034103 1
0.032908 1
0.032331 1
0.034563 1
0.034286 1
0.031233 1
0.033452 1
0.032923 1
0.190307 1
0.181809 1
0.175554 1
0.167124 1
0.173339 1
0.152795 1
0.307813 5
0.362114 2
0.001374 4
0.000105 2
0.000072 4
0.000067 2
0.000058 4
0.000051 2
0.000056 4
0.000051 2
0.000369 91
1.434051 23
0.450411 1
0.502389 1
0.030773 1
0.030455 1
0.226713 1
0.171289 1
0.160279 1
0.186582 1
0.173289 1
0.574034 5
0.188819 5
0.193358 2
0.001540 1
0.000079 2
0.000064 3
0.000053 2
0.000058 3
0.000052 2
0.000056 3
0.000052 2
0.000422 91
55.787364 1
0.181874 1
0.299451 1
1.270082 1
0.619897 1
0.202863 1
0.652179 1
0.185813 1
0.176949 1
1.881897 1
2.490739 1
2.329179 1
0.206935 1
0.235989 1
0.228160 1
0.197973 1
0.933441 1
0.708467 1
0.424165 1
1.633563 1
0.526511 1
0.156849 1
0.145903 1
0.222675 1
1.625095 1
1.597298 1
2.167458 1
0.230135 1
2.257477 1
0.989793 1
0.662329 1
1.567300 1
1.564770 2
1.861421 1
0.182884 1
0.452106 1
0.089361 1
0.138815 1
0.812814 1
0.202103 1
0.232995 1
0.166927 1
0.669000 1
0.496355 1
0.187895 1
0.333653 1
0.430084 1
0.112442 1
0.214038 1
0.254207 1
0.346428 1
3.275693 1
0.742776 1
0.128474 1
0.233055 1
1.012874 1
0.545582 3
0.397871 1
0.354750 2
1.008907 4
0.947277 4
0.593044 3
0.202767 3
0.182912 6
0.177908 3
0.190928 3
0.173638 6
0.993459 1
0.183284 1
0.353795 1
0.111356 1
1.027958 1
0.546565 1
0.238131 1
0.244075 1
0.235279 1
0.184746 1
0.763694 1
0.296198 1
0.438328 1
0.487256 1
0.126445 1
0.283583 1
0.295379 1
0.170871 1
1.149382 1
0.777680 1
0.462190 3
0.177925 1
0.199807 1
0.148770 1
0.292374 1
0.660150 27
2.567759 95
341.677990 1
0.136946 1
0.368505 1
0.283702 1
1.865012 28
0.374642 49
3.116872 4
0.148327 4
0.171821 4
0.144887 4
0.162869 4
0.168463 4
0.295900 1
0.199796 1
0.166616 1
1.081378 1
0.184206 1
2.531374 9
0.324596 5
1.134354 5
1.069069 5
2.870605 9
0.213954 5
1.080350 5
0.199866 5
0.347694 3
0.177797 3
0.769937 5
0.188676 5
0.300321 3
0.310635 3
0.394988 3
0.970388 1
0.200155 1
0.143844 12
1.807633 2
0.001379 15
0.000067 2
0.000060 11
0.000051 2
0.000056 14
0.000051 2
0.000106 14
0.000054 2
0.000056 13
0.000051 2
0.000055 15
0.000051 2
0.000057 13
0.000050 2
0.000346 91
47.527236 1
0.341504 1
0.367694 1
1.699189 1
0.395246 1
0.395096 50
0.240326 65
0.297562 49
0.172313 38
0.502620 81
0.031540 38
0.030041 56
0.031517 141
0.032017 49
0.030267 47
0.033936 29
0.032434 35
0.033062 29
0.030964 17
0.033937 24
0.034018 23
0.033993 54
0.030151 101
0.030082 31
0.030880 14
0.033419 35
0.031532 28
0.031079 56
0.032772 91
0.033642 258
0.033288 40
0.030901 32
0.031715 40
0.032728 31
0.782620 4
0.501920 4
0.030975 4
0.032704 4
0.032098 4
0.030666 4
0.033360 4
0.034169 4
0.034094 4
0.030835 4
0.032332 4
0.030655 4
0.031756 4
0.031068 4
0.031514 4
0.032318 4
0.032789 1
0.030391 1
0.032096 1
0.031944 1
0.034077 1
0.033484 1
0.030939 1
0.033458 1
0.033633 1
0.030917 1
0.030025 1
0.033260 1
0.145785 1
0.181748 1
0.377736 1
1.234926 1
0.320847 1
0.311311 1
0.328426 1
0.689454 4
0.189768 4
0.171996 4
0.994572 1
0.180976 1
0.352538 1
0.141554 1
0.215077 1
0.237166 1
0.176872 1
0.243326 1
0.126052 1
0.131989 1
1.333260 1
0.965619 1
0.166758 1
0.187982 1
0.403987 1
0.488286 1
0.352690 1
0.103597 1
1.397477 1
1.992650 1
0.292510 1
0.788531 1
1.495958 1
0.155792 1
0.297513 1
0.138407 1
0.686065 2
18.382842 65
0.000143 91
483.025015 30
1.200594 2
0.130629 39
1.549150 2
2.401408 492
0.194763 72
163.763708 9
1.666199 20
0.953205 17
0.341517 13
0.175399 20
0.179416 12
2.003548 1
0.289047 1
0.389964 4
0.169990 4
0.614731 1
0.087495 1
0.240161 1
1.221487 1
2.386592 1
0.193729 8
0.944615 2
0.000510 90
1.830286 1
0.068461 1
0.322306 1
0.171882 1
0.218925 14
0.906528 2
0.003040 34
0.000233 74
0.000194 2
0.000193 38
0.000187 2
0.000206 30
0.000185 2
0.000190 34
0.000188 2
0.000183 26
0.000205 2
0.000688 90
3.872046 18
0.210416 32
0.172416 25
0.189932 20
0.173639 17
0.295702 31
0.297155 32
0.415483 15
0.501693 11
0.500923 29
0.030806 34
0.030418 13
0.030056 20
0.031761 21
0.033229 28
0.030973 21
0.031819 1
0.030994 1
0.033071 1
0.033836 1
1.040789 1
0.574879 1
0.403778 1
2.061903 1
2.207425 1
0.778773 1
1.679761 1
0.362986 1
0.382697 1
0.213928 1
0.130634 1
0.546648 1
0.826790 1
0.213222 1
0.851145 1
0.360643 1
0.339633 1
0.646050 1
0.255253 1
0.738370 1
1.240945 1
0.529556 1
0.989782 1
0.179869 1
0.208049 1
0.160843 1
0.267971 1
0.951509 1
0.651245 1
0.394696 1
0.223177 1
0.279244 1
0.126042 1
0.202350 1
0.166065 1
0.355653 1
9.419996 2
0.001471 27
0.000480 29
0.000444 33
0.000440 33
0.000338 23
0.000209 2
0.000242 29
0.000210 19
0.000449 2
0.000515 90
63.195337 36
1.965428 1
0.502606 1
0.033437 1
0.031912 1
0.030054 1
0.034108 1
0.032831 1
0.032540 1
0.031227 1
0.030384 1
0.033007 1
0.029941 1
0.031518 1
0.033132 1
0.031546 1
0.029678 1
0.033468 1
0.030811 1
0.030624 1
0.033203 1
0.033752 1
0.031047 1
0.029905 1
0.034233 1
0.029890 1
0.033401 1
0.030817 1
0.029986 1
0.033773 1
0.031765 1
0.321420 1
0.819161 5
0.444057 5
1.398708 5
1.388537 5
0.131300 3
0.500694 3
0.032147 3
0.033808 3
0.030523 3
0.030345 3
0.032145 3
0.032759 3
0.032012 3
0.033010 3
0.160508 3
0.192631 3
0.161772 3
0.183098 3
0.163524 3
0.323723 5
0.200802 5
0.151962 5
0.158699 5
0.181901 5
0.161576 5
0.138946 5
0.729458 5
2.193335 3
0.594862 2
0.001044 28
0.000715 90
32.058860 34
0.589428 1
0.506073 1
0.030569 1
0.045999 1
0.030502 1
0.031999 1
0.032086 1
0.031042 1
0.030395 1
0.031083 1
0.031938 1
0.032000 1
0.032299 1
0.046174 1
0.030441 1
0.030918 1
0.031092 1
0.030674 1
1.604530 1
0.502791 1
0.030835 1
0.032813 1
0.030183 1
0.031841 1
1.624873 1
2.295869 3
0.503132 3
0.029868 3
0.033061 3
0.032342 3
0.032541 3
0.031063 3
0.030598 3
0.032123 3
0.030423 3
0.611538 5
0.183807 5
0.171895 5
0.169817 5
0.503255 5
0.029660 5
0.032023 5
0.033951 5
0.030888 5
0.164274 5
0.163600 5
0.154766 5
0.166669 5
0.414921 5
0.642095 5
0.052356 5
0.736530 1
2.237406 5
0.303386 5
0.807045 5
0.129731 5
0.280313 5
2.571910 74
0.000326 90
14.874704 27
0.158281 85
0.904389 1
0.501307 1
0.273899 83
0.885338 1
0.502271 1
0.032106 1
0.030395 1
0.032668 1
0.032953 1
0.030002 1
0.033287 1
0.033389 1
0.030587 1
0.032489 1
0.032162 1
0.033458 1
0.030923 1
0.339949 1
1.902637 5
0.149830 5
0.796889 5
0.045401 5
0.805398 1
0.408212 1
0.499953 1
0.031134 1
0.030372 1
0.031357 1
0.031533 1
0.034077 1
0.033100 1
0.030315 1
0.031227 1
0.034037 1
0.269461 1
0.310742 3
0.193001 3
0.167906 3
0.156878 3
0.357591 3
0.367706 5
0.186865 5
0.337199 3
0.183296 3
0.190586 3
1.115651 5
0.147940 5
0.630150 1
1.387799 5
0.997194 5
5.032094 5
0.723284 5
139.164443 1
0.477404 3
1.977815 12
1.760993 5
0.210144 5
0.189805 6
0.167771 5
1.272120 9
4.178344 8
2.090145 3
0.207405 3
0.176088 3
0.463710 3
0.210773 3
0.218193 3
0.221131 3
0.194417 3
1.036646 1
0.197750 1
0.145465 1
1.098665 5
0.310509 5
0.913263 5
0.150451 5
0.122748 5
1.089193 37
0.000293 90
4.294172 42
0.436717 1
0.507483 1
0.030852 1
0.045419 1
0.030852 1
0.045703 1
0.031241 1
0.030646 1
0.030359 1
0.030804 1
0.032191 1
0.031724 1
0.031436 1
0.046398 1
0.046701 1
0.029650 1
0.046684 1
0.030541 1
0.031298 1
0.030672 1
0.031071 1
0.030935 1
0.030935 1
0.031664 1
0.032170 1
0.031850 1
0.165136 1
0.169468 1
0.189951 1
0.441249 5
0.291541 127
2.660532 41
0.993707 1
0.501693 1
0.030155 1
0.032370 1
0.031290 1
0.033178 1
0.031982 1
0.031448 1
0.032240 1
0.031125 1
0.032518 1
0.029838 1
0.030070 1
0.030959 1
0.030771 1
0.033785 1
0.033291 1
0.033227 1
0.031073 1
0.030931 1
0.033123 1
0.034134 1
0.032211 1
0.033247 1
0.032782 1
0.032880 1
0.031277 1
0.363453 1
0.608993 5
0.982595 5
0.485827 3
0.164857 3
0.438528 3
0.554679 5
0.318494 5
0.552022 38
0.000286 90
16.516007 41
0.557391 1
0.509111 1
0.031045 1
0.030224 1
0.030108 1
0.031423 1
0.031528 1
0.044292 1
0.031200 1
0.030293 1
0.031806 1
0.046574 1
0.030791 1
0.044685 1
0.030592 1
0.031142 1
0.031743 1
1.383411 1
0.502373 1
0.031623 1
0.032776 1
0.030860 1
0.033057 1
0.031067 1
0.123988 3
0.712952 3
0.167788 3
0.178171 3
0.174841 3
0.165059 3
0.163024 3
0.160305 3
0.537057 5
0.502033 5
0.030771 5
0.032593 5
0.031398 5
0.031849 5
0.032197 5
0.030994 5
0.031847 5
0.030329 5
0.031005 5
0.033405 5
0.030664 5
0.033114 5
0.031398 5
0.324403 5
0.144686 5
0.875018 5
0.251230 5
1.169541 5
0.282529 5
0.607857 5
0.159814 5
1.087984 5
0.617877 5
0.232193 5
0.986563 5
0.143692 5
0.838958 9
2.518000 5
0.533684 5
1.569401 3
0.215778 3
1.968684 1
1.386440 5
0.077766 5
0.464852 1
0.858118 5
0.990781 5
0.323594 5
0.274082 5
0.217170 5
2.401170 3
0.502270 3
0.031621 3
0.033524 3
0.030967 3
0.033003 3
0.031376 3
0.034263 3
0.033372 3
0.032587 3
0.030745 3
0.540081 338
24.211465 41
0.263637 1
0.510532 1
0.030633 1
0.031539 1
0.046356 1
0.045798 1
0.031173 1
0.030866 1
0.032592 1
0.030653 1
0.030623 1
0.030981 1
0.030869 1
0.031162 1
0.031457 1
0.030638 1
0.030336 1
0.032033 1
0.030265 1
0.030453 1
0.031933 1
0.031322 1
0.031014 1
0.031370 1
0.295957 3
0.426910 3
0.257103 5
0.936973 3
0.501951 3
0.173833 338
62.728341 1
0.179461 1
0.592889 40
0.800594 1
0.501130 1
0.032693 1
0.032808 1
0.031368 1
0.031935 1
0.033254 1
0.030856 1
0.031020 1
0.030938 1
0.032547 1
0.030202 1
0.030890 1
0.260026 1
0.181085 1
0.428872 5
0.502484 5
0.031193 5
0.030417 5
0.033745 5
0.031751 5
0.033459 5
0.031735 5
0.033361 5
0.031400 5
0.030615 5
0.031942 5
0.030830 5
0.030193 5
0.031609 5
0.189260 5
0.172974 5
0.143788 5
0.169786 5
0.127693 5
0.194601 5
0.192088 5
2.805242 5
0.213276 5
0.185610 5
0.213216 5
0.135608 5
0.508026 5
0.546939 5
0.729183 5
1.726235 5
0.774811 5
1.140470 5
0.672263 5
2.567898 3
0.502257 3
0.031557 3
0.031120 3
0.032595 3
0.034629 3
0.030396 3
0.030027 3
0.030241 3
1.033693 46
0.000253 90
1.365509 32
0.517097 1
0.501480 1
0.030554 1
0.030464 1
0.033134 1
0.032612 1
0.030948 1
0.030047 1
0.031163 1
0.032995 1
0.031084 1
0.031497 1
0.030531 1
0.031818 1
0.030450 1
0.033115 1
0.031984 1
0.031141 1
2.720860 1
0.500933 1
0.030184 1
0.031000 1
0.032794 1
0.031931 1
0.031718 1
0.033360 1
0.032975 1
1.301722 5
0.251136 3
0.501113 3
0.031322 3
0.030711 3
0.029966 3
0.030722 3
0.031056 3
0.033490 3
0.029984 3
0.033417 3
0.258649 3
0.166915 3
0.974777 5
0.496588 262
0.000337 90
21.351998 34
0.441982 1
0.501886 1
0.029911 1
0.032890 1
0.032014 1
0.034159 1
0.034382 1
0.031906 1
0.032245 1
0.031606 1
0.031245 1
0.033015 1
0.029941 1
0.031542 1
0.030348 1
0.033104 1
0.033599 1
0.031981 1
0.032304 1
0.731922 1
0.239719 1
0.265425 3
0.257698 3
0.279043 3
0.263915 3
0.295227 3
0.211988 3
0.720307 1
0.558251 3
1.329172 1
1.265045 5
1.143370 5
0.461185 5
0.390968 1
0.206738 1
0.171902 1
0.694257 5
0.607739 1
0.179126 1
0.151230 1
0.165014 1
0.274155 3
0.427968 5
0.174302 5
2.122166 5
0.496301 5
0.396004 5
0.462057 5
0.168999 5
0.073241 5
0.247483 5
2.127314 3
0.370252 5
2.779225 98
0.000235 90
516.593900 1
0.129565 1
0.434083 1
0.156100 1
2.246656 36
0.666384 1
0.510766 1
0.030647 1
0.031376 1
0.030212 1
0.030393 1
0.031397 1
0.046130 1
0.031733 1
0.031467 1
0.031306 1
0.030340 1
0.032177 1
0.032064 1
0.032123 1
0.702287 1
2.026588 5
0.502179 5
0.031585 5
0.031312 5
0.032062 5
0.033716 5
0.033330 5
0.031884 5
0.031014 5
0.029947 5
0.031045 5
0.032562 5
0.031682 5
0.030588 5
0.033219 5
0.161652 5
0.162019 5
0.170892 5
0.533449 5
0.244141 5
0.248188 5
1.094304 5
0.580455 5
0.156987 5
1.508369 5
2.160015 5
0.270309 5
1.536322 3
0.814243 3
1.038644 31
0.588759 29
0.269259 29
0.343619 29
0.477349 31
4.784722 29
0.060062 29
0.580482 1
1.554866 5
0.359558 5
0.131828 5
0.228182 5
0.149597 5
0.379700 5
0.743963 5
0.056831 5
0.642287 1
0.264260 5
0.166696 5
0.372555 1
1.524188 5
0.212980 212
0.287596 214
2.089983 217
2.028417 3
1.165764 222
0.127626 225
0.398894 228
0.162794 231
0.266398 234
0.871688 1
0.208058 1
0.485743 1
0.216715 229
1.582896 142
8.309282 56
0.490889 1
0.500562 1
0.032258 1
0.031168 1
0.032110 1
0.032405 1
0.031695 240
0.032723 1
0.030133 1
0.031048 1
0.031048 1
0.031724 1
0.032066 1
0.031097 1
0.033047 1
0.030961 1
0.032508 1
0.030477 1
0.030366 1
0.030769 1
0.033913 1
0.032652 1
0.030959 1
0.031206 1
0.029293 1
0.030878 1
0.032112 1
0.029470 1
0.031913 1
0.033291 1
0.033249 1
0.031631 1
0.031621 1
0.030820 1
0.031980 1
0.034947 1
0.032896 1
0.031714 1
0.032344 1
0.615354 186
0.322840 3
0.503785 3
0.030629 3
0.033981 3
0.029553 3
0.030214 3
0.031936 3
0.031970 3
0.031822 3
0.032101 3
0.034497 3
0.033852 3
0.032700 3
0.031900 3
0.031788 3
0.032686 3
0.032143 3
0.031617 3
0.032190 3
0.030310 3
0.033913 3
0.030597 3
0.034890 3
0.130435 3
0.204273 3
0.791747 235
0.643204 14
0.000397 90
46.299243 56
1.257141 4
0.502098 4
0.031993 4
0.033619 4
0.031504 4
0.034166 4
0.030953 489
0.030585 4
0.032017 4
0.031131 4
0.031645 4
0.030483 4
0.030600 4
0.032901 4
0.034245 4
0.033651 4
0.031101 4
0.033443 4
0.031017 4
0.030494 4
0.030941 4
0.032122 4
0.029760 4
0.030940 4
0.033526 4
0.030878 4
0.032208 4
0.031248 4
0.032039 4
0.031662 4
0.031396 4
0.030546 4
0.032440 4
0.033245 4
0.031515 4
0.030088 4
0.030606 4
0.033555 4
0.032323 4
0.032970 4
0.034594 4
0.030298 4
0.032218 4
0.033466 4
0.033045 4
0.031470 4
0.030338 4
0.029475 4
0.030469 4
0.032177 4
0.030631 4
0.030879 4
1.443085 52
0.741517 1
0.172572 1
0.501698 1
0.030391 1
0.031847 1
0.034143 1
0.031802 240
0.031728 1
0.032160 1
0.032520 1
0.032734 1
0.032872 1
0.032193 1
0.030514 1
0.032998 1
0.481935 3
0.342161 236
0.502230 233
0.030694 230
0.032991 227
0.033157 223
0.030203 221
0.033370 223
0.032093 33
0.030244 33
0.033218 33
0.033334 33
0.033830 33
0.030703 33
0.031632 31
0.029900 33
0.030188 33
0.032164 33
0.030986 33
0.031468 33
0.030213 33
0.032920 31
0.032043 33
0.029492 33
0.031532 33
0.030686 31
0.032146 33
0.033208 33
0.030826 33
0.030609 33
0.033263 31
0.031127 33
0.033605 33
0.209723 31
0.176551 33
0.165962 33
0.184978 33
0.175005 33
1.967088 29
0.377538 1
2.112542 5
0.661941 5
0.771394 5
0.507843 5
0.428055 5
1.097026 5
0.142691 5
0.458679 1
0.784647 3
0.640525 1
2.795630 5
0.189580 5
0.098409 5
0.081341 5
0.222358 5
0.191300 5
0.165232 5
0.116597 5
0.582679 5
0.499523 5
0.031523 5
0.030176 5
0.030789 5
0.170047 5
0.197708 5
0.337546 5
88.665267 20
15.434671 5
0.219930 5
0.183948 5
0.184119 5
0.204712 5
0.171227 5
0.178563 5
0.258279 5
7.640992 20
1.628917 3
2.369740 3
0.778687 1
1.969935 5
0.787615 1
0.512206 1
0.033068 1
0.032718 1
0.033429 1
0.032288 1
0.030223 1
0.030290 1
0.031539 1
0.031768 1
0.031438 1
0.031365 1
0.033808 1
0.033830 1
0.030109 1
0.303919 1
1.569477 5
0.728715 36
0.000311 90
2.061878 45
0.440480 1
0.501556 1
0.030146 1
0.033536 1
0.032026 1
0.030150 1
0.031129 1
0.029893 1
0.031849 1
0.030695 1
0.030561 1
0.033984 1
0.032148 1
0.030180 1
0.030353 1
0.030581 1
0.032420 1
0.032272 1
0.032626 1
0.033215 1
0.031027 1
0.032328 1
0.030484 1
0.031003 1
0.031014 1
0.033989 1
0.031722 1
0.032154 1
0.030805 1
0.298471 3
0.209543 3
1.060946 5
1.731146 5
1.188786 42
0.000413 90
24.805146 45
0.545025 1
0.500399 1
0.031445 1
0.031773 1
0.031943 1
0.030053 1
0.033077 1
0.033533 1
0.030934 1
0.030777 1
0.031296 1
0.033503 1
0.034794 1
0.031299 1
0.033306 1
0.032857 1
0.030929 1
1.400252 1
0.173582 1
0.183326 1
0.171502 1
0.184787 1
0.164299 1
0.171599 1
0.844977 5
0.650288 5
0.108553 5
1.385685 3
0.172390 3
0.178591 3
0.158919 3
0.186178 3
0.150058 3
0.285802 3
0.216384 5
0.153500 5
0.174872 5
0.167935 5
0.158726 5
0.170011 5
0.157428 5
0.162794 5
38.636066 16
1.388965 1
0.174358 1
0.179659 1
0.167833 1
0.227380 1
1.481354 5
1.654114 5
0.262483 3
1.040708 5
2.314522 34
0.000332 90
80.107150 1
0.165675 1
0.189731 1
0.414100 1
0.415537 1
0.626376 1
0.240470 11
0.831274 166
0.000328 90
1.418410 16
0.787251 4
0.507045 4
0.031898 4
0.032089 4
0.045802 4
0.031566 4
0.030275 4
0.031600 4
0.030564 4
0.030969 4
0.031997 4
0.030583 4
0.033007 4
0.033270 4
0.031617 4
0.030275 4
0.030227 1
0.032293 1
0.030497 1
0.030999 1
0.032859 1
0.030670 1
0.033683 1
0.034945 1
0.030106 1
0.032470 1
0.031384 1
0.033252 1
0.030993 1
0.030765 1
0.034156 1
0.030580 1
0.033495 1
0.747316 43
0.239315 92
0.834835 1
0.459142 1
0.502051 1
0.029539 1
0.031728 1
0.030647 1
0.031081 1
0.030452 1
0.031277 1
0.791086 101
0.649560 4
0.502805 4
0.031091 4
0.030913 4
0.033227 4
0.030797 4
0.031777 4
0.031544 4
0.031243 4
0.030725 4
0.030014 4
0.030861 4
0.030129 4
0.030839 4
0.032069 4
0.033032 4
0.031943 4
0.029995 4
0.033672 4
0.029921 4
0.030507 4
0.032819 4
0.032344 4
0.033552 4
0.034700 4
0.027571 4
0.031239 4
0.031223 4
0.032563 4
0.033364 4
0.031299 4
0.211782 4
0.160855 4
4.043479 1
0.278206 1
2.572651 1
0.628426 1
0.508518 1
2.442572 1
0.330473 1
1.990355 1
0.336792 1
1.514598 1
0.667737 1
1.090373 1
0.436970 1
0.815818 1
0.280351 1
0.184867 1
0.246264 1
0.171805 1
1.065114 1
2.284771 1
1.567294 1
1.378102 1
1.122836 1
0.507810 1
1.431857 1
0.590550 1
2.093982 1
0.408880 1
0.198247 1
0.233871 1
0.198154 1
0.501071 1
0.576851 1
0.142670 1
1.566253 1
1.025019 1
0.944492 1
0.461200 1
0.447051 1
0.466378 1
0.756717 1
0.537210 1
0.328688 1
0.345588 1
1.508419 1
0.454047 3
0.375828 1
1.207518 1
0.359042 1
0.128375 1
0.075555 1
2.040019 2
0.002840 90
14.459664 1
0.213138 1
0.246594 1
0.313467 1
4.437450 1
0.929345 4
1.883691 1
0.094092 10
0.702473 2
0.001736 12
0.000363 12
0.000057 2
0.000211 11
0.000206 2
0.000200 12
0.000205 2
0.000680 90
52.054552 1
0.230859 1
0.285525 1
0.664968 4
0.338617 1
0.261175 1
0.371742 1
0.233213 1
0.632455 2
0.009098 38
0.000033 2
0.074342 91
1.399301 1
0.350619 1
0.190943 1
0.280424 1
0.507742 2
0.010334 4
0.000034 2
