0.111133 63
133.012030 4
0.819073 7
0.471951 4
0.449649 7
11.924091 1
0.154275 1
0.200264 1
0.257101 1
2.617480 1
30.451804 1
0.123477 1
1.188660 1
1.221724 1
0.575733 1
0.312400 1
0.232239 1
0.180818 1
1.290257 1
0.893438 1
1.149212 1
0.168699 1
0.473320 1
0.081388 1
0.413969 1
0.118783 1
1.212595 1
0.111477 1
0.704460 1
4.098905 2
0.178303 63
21.226952 1
0.228934 1
0.151760 1
0.384058 1
0.329420 1
1.815714 1
0.292133 1
0.596981 1
0.216986 1
0.173814 1
0.524442 1
0.987846 1
32.969774 1
0.921294 1
0.062921 1
0.124844 1
5.429935 1
0.334491 1
2.706884 1
3.614232 1
0.399100 1
0.537318 1
0.176825 1
0.069243 1
0.357788 1
0.198928 1
1.059145 1
0.133497 1
0.564755 1
1.909571 2
0.039216 34
0.000196 2
0.019415 63
65.694177 1
0.122089 1
0.410294 1
0.222061 1
0.345639 1
0.890434 1
0.677151 1
0.455079 1
0.144740 1
0.606909 4
0.165662 4
0.161807 4
0.706390 1
0.392967 1
0.533361 1
0.619089 1
1.180617 1
0.579494 4
0.334804 1
0.968595 1
51.516761 2
0.004739 63
1.097721 12
1.036038 1
0.168506 1
0.199914 1
0.192880 1
0.330451 3
0.682497 11
0.206908 7
0.293367 7
1.556500 3
0.194687 3
0.219855 3
2.396905 1
0.163265 1
0.235383 1
0.274351 1
4.236206 1
0.219847 1
0.313669 1
0.413965 1
16.874483 4
0.219665 4
0.231141 4
0.179688 4
0.231183 4
0.186880 4
0.502674 4
0.030392 4
0.030866 4
0.030159 4
0.031053 4
0.030341 4
0.030441 4
0.030670 4
0.030941 4
0.030946 4
0.031531 4
0.030185 4
0.031437 4
0.031687 4
0.030940 4
0.030523 1
0.031007 1
0.029442 1
0.030734 1
0.031005 1
0.029909 1
1.892575 1
0.269257 1
0.313350 1
0.150695 1
0.429562 1
0.639641 1
73.310200 1
0.235216 1
0.246101 1
1.119415 4
0.163814 4
0.463125 4
2.142159 1
0.136386 1
0.215353 1
0.179807 1
0.409974 1
0.407928 1
0.104550 1
0.110403 1
0.532667 4
0.183867 4
0.150629 4
0.164808 4
0.680290 1
0.100175 1
0.063442 1
0.098702 1
0.692961 2
0.004472 63
3.122102 14
0.149926 30
0.635077 1
0.501564 1
0.036901 1
0.264266 1
0.247594 3
0.550474 11
0.129634 7
0.108571 7
1.277187 3
0.164184 3
0.176195 3
2.765989 1
1.415667 1
0.200901 8
2.486891 2
0.006998 63
3.030814 1
0.283243 1
0.197922 1
0.210055 1
0.208008 1
2.086804 1
0.221044 1
0.169753 1
0.414118 1
0.142632 1
0.204852 1
0.203056 1
0.149716 1
2.385322 1
0.446113 1
0.221122 1
0.243014 1
0.102629 1
0.295408 1
0.111473 1
0.349618 1
0.187018 1
0.850079 1
6.592986 2
0.341073 47
0.000206 2
0.004992 63
4.148560 23
2.786005 1
0.539580 1
0.055304 1
0.154322 1
0.214280 1
0.218837 2
0.164618 33
0.000204 2
0.001163 45
0.000137 2
0.027352 75
0.110088 53
0.000842 34
0.000136 2
0.065390 14
2.612591 23
1.245151 2
0.038151 37
0.000179 2
0.014223 49
0.000169 2
0.000236 51
0.000109 2
0.000210 1
0.000201 14
1.091578 2
0.000722 1
0.000185 16
0.219241 2
0.000112 16
0.220985 18
0.454201 13
0.411723 2
0.009190 34
1.210757 1
0.120135 2
0.005227 63
7.716982 1
0.164703 1
0.356626 1
0.384852 1
0.172827 1
0.503483 4
0.105088 1
1.659364 1
0.131297 1
1.530440 4
2.286933 1
0.117623 1
1.983320 1
0.229038 1
0.320625 1
0.258158 1
0.216046 1
0.103429 1
0.689283 2
0.007630 63
40.210625 1
0.081604 1
0.324536 1
0.778425 1
0.112261 8
0.811541 83
11.510391 1
0.310267 1
0.407002 1
0.188997 1
0.362679 1
0.180868 1
1.643682 1
0.150492 1
0.203279 1
0.171857 1
2.771217 1
0.907131 1
0.119676 1
0.095417 1
1.041581 2
0.003052 81
12.998206 1
0.382728 1
0.495379 1
0.211987 1
0.344617 1
0.584877 1
7.990549 1
1.696459 4
0.775714 1
0.533452 1
0.705366 1
0.725416 1
7.325945 1
1.588329 1
0.893235 1
2.236825 1
0.331494 8
6.214941 1
0.503154 1
0.031241 1
0.030352 1
0.033031 1
0.171968 1
0.204510 1
0.182159 1
0.198271 1
0.656944 5
0.173404 5
0.440570 2
0.002988 81
2.139928 20
0.446038 1
0.506803 1
0.044892 1
0.031380 1
0.030726 1
0.031218 1
0.168773 1
0.202556 1
0.210504 1
0.522662 1
0.283226 1
0.178187 1
0.155861 1
0.163419 1
0.178521 1
0.488478 5
0.164928 5
0.453216 5
0.644653 5
0.515570 5
0.121332 5
0.586889 5
0.504502 5
0.660521 3
0.612094 3
0.171052 3
0.156581 3
0.145633 3
0.284764 5
0.195850 5
0.165752 5
0.173861 5
0.141771 5
0.487290 9
0.426084 5
1.966259 9
1.413882 5
0.295226 5
0.298420 5
0.182874 5
0.060215 5
0.224106 5
0.337619 5
0.296580 5
0.111342 5
1.269944 5
0.359497 5
0.466344 1
0.463574 5
0.708124 5
0.447642 1
0.842596 5
0.159807 5
0.166362 5
0.211330 5
0.173876 9
1.815317 2
0.007786 7
0.000187 32
0.000198 25
0.000129 2
0.000732 81
4.331281 32
0.192220 1
0.501458 1
0.031790 1
0.033766 1
0.034363 1
0.032433 1
0.030820 1
0.031151 1
0.030557 1
0.031900 1
0.030862 1
0.031504 1
0.032166 1
0.029764 1
0.032065 1
0.033335 1
0.032197 1
0.032417 1
0.032232 1
0.029592 1
0.031203 1
0.032184 1
0.033611 1
0.030753 1
0.031116 1
0.033078 1
0.033738 1
0.032657 1
0.030040 1
0.032223 1
0.033690 1
0.033421 1
0.030727 1
0.030883 1
0.031444 1
0.102805 5
0.859382 5
0.869130 5
0.302341 5
0.115547 5
0.146763 5
0.128589 5
0.399664 2
0.035687 81
12.102073 1
4.978861 1
0.305355 1
0.127044 1
0.136820 1
0.209289 1
0.720522 1
0.247956 1
2.232889 4
0.838064 1
0.217869 1
0.392853 1
0.894234 1
0.262252 1
1.688108 4
0.198742 4
0.922481 4
0.135612 4
0.158849 4
0.780727 1
0.509294 1
0.180932 1
0.387858 1
0.422038 1
7.512796 1
0.622204 1
1.820346 4
0.893185 1
0.858140 1
2.245584 1
0.187788 1
0.475300 1
0.621274 1
1.238567 1
0.206412 1
1.041529 1
0.259169 1
0.152869 1
2.201486 1
0.541521 1
0.140639 1
0.140629 1
0.521465 4
0.171868 4
0.185003 4
0.163666 4
0.602869 1
0.095495 1
0.046049 1
0.118670 1
0.638339 2
0.039604 7
0.000191 48
0.000116 2
0.000176 40
0.000107 2
0.002698 81
3.712908 24
0.630317 1
0.501108 1
0.033621 1
0.033206 1
0.033725 1
0.032219 1
0.029513 1
0.033139 1
0.034783 1
0.030716 1
0.031759 1
0.031570 1
0.128846 1
0.323236 1
0.428057 3
1.827760 27
0.388875 27
0.197982 27
0.274362 27
0.090577 27
0.199604 27
0.157897 27
0.280267 27
0.120588 27
1.076178 27
0.432017 31
0.188821 27
0.268421 27
0.596715 27
0.146860 27
0.217923 27
0.185805 27
0.117387 27
1.735678 1
0.257961 33
0.164954 33
0.169722 33
0.155740 33
0.160809 33
1.156019 2
0.032352 7
0.000185 36
0.000212 27
0.000134 2
0.003523 81
2.084762 35
0.460317 1
0.502233 1
0.030168 1
0.032147 1
0.032897 1
0.032345 1
0.032653 1
0.034239 1
0.034108 1
0.034045 1
0.033761 1
0.031422 1
2.682501 3
0.239075 3
0.183491 3
0.185088 3
0.830888 1
0.245578 1
0.173620 1
0.435328 3
0.213843 3
0.573067 23
0.188960 23
0.157678 21
0.468860 2
0.030193 81
20.098911 1
0.067042 1
0.375289 65
0.579447 1
0.167776 1
0.918360 1
0.134776 1
2.973868 1
0.564900 1
0.176715 1
0.519451 1
0.203486 1
0.245567 1
0.278393 1
0.555866 1
0.122379 1
0.627041 1
1.323055 1
1.504358 1
0.127225 1
0.180188 1
0.566828 1
0.602834 1
0.193738 1
0.206001 1
0.308793 1
0.414718 4
0.163798 4
0.166801 4
0.165778 4
0.113555 1
0.834910 1
0.211999 1
0.512412 1
14.207670 1
0.173729 1
0.201900 1
0.293457 1
0.902316 1
0.362813 1
1.803468 1
5.924257 2
0.177086 82
0.000207 2
0.000108 76
0.000149 2
0.000102 55
1.791517 1
0.310593 1
0.131304 1
0.211784 85
0.061840 39
2.150436 2
3.131439 78
11.627651 2
3.132058 78
9.699663 2
3.130758 70
0.000192 63
1.407945 30
1.670652 4
0.501018 4
0.033502 4
0.030375 4
0.032050 4
0.032754 4
0.033545 4
0.034110 4
0.030977 4
0.031771 4
0.031236 4
0.030934 4
0.031920 4
0.030725 4
0.033784 4
0.030966 4
0.030848 4
0.033061 4
0.034137 4
0.031240 4
0.033925 4
0.030822 4
0.030971 4
0.031436 4
0.031813 4
0.030774 4
0.030766 4
0.031449 4
0.032832 4
0.033733 4
0.030464 1
0.034254 1
0.033072 1
0.030762 1
0.033223 1
0.032962 1
0.033471 1
0.034174 1
0.329527 1
0.353650 1
0.338638 1
0.141693 1
0.312422 1
0.774674 1
0.268319 1
0.123584 1
0.691157 2
0.008336 58
0.000174 2
0.000155 78
0.000120 2
0.000486 73
0.000138 2
0.000233 60
0.000051 2
0.000067 49
0.000048 2
0.000064 51
0.000048 2
0.000064 46
0.000048 2
0.000109 66
0.000051 2
0.000059 2
0.000104 58
0.000049 2
0.000072 78
0.000048 2
0.000134 73
0.000050 2
0.000096 60
0.000048 2
0.000066 49
0.000047 2
0.000063 51
0.001783 2
0.002034 48
0.000126 2
0.000074 66
0.000105 2
0.000062 2
0.000180 44
0.000120 2
0.000078 41
0.000048 2
0.000163 52
0.000123 2
0.000239 47
0.000218 2
0.000176 43
0.000052 2
0.000064 51
0.000117 2
0.000071 43
0.000048 2
0.000064 66
0.000048 2
0.000172 2
0.000744 63
5.631525 8
0.500724 38
6.420818 1
1.386305 2
0.139541 39
3.629222 2
3.131387 78
4.288944 2
0.950785 2
2.173786 78
0.551164 2
0.006301 70
0.000053 63
0.806187 31
0.989798 1
0.501709 1
0.031584 1
0.034110 1
0.028215 1
0.034226 1
0.030581 1
0.030952 1
0.034508 1
0.031047 1
0.032839 1
0.032357 1
0.032438 1
0.031838 1
0.030890 1
0.032774 1
0.033483 1
0.029888 1
0.357091 3
0.768777 5
0.502412 5
0.064958 5
0.177175 5
0.198053 5
0.181436 2
0.136880 44
1.463375 2
0.856808 74
0.000394 2
0.000288 2
0.000270 73
0.000367 2
0.000273 66
0.000270 2
0.000301 47
0.000270 2
0.000261 2
0.000280 65
0.000301 2
0.000279 28
0.000254 2
0.175092 89
8.524356 1
0.082148 1
0.329753 1
0.229595 1
0.152864 1
0.397122 4
0.147370 4
0.242215 1
0.197926 1
0.235552 99
1.212428 1
0.224881 1
0.260476 2
0.002129 28
0.000315 2
0.001109 97
1.230224 1
0.101440 1
0.171763 1
0.458155 1
0.093056 2
0.218840 105
1.919940 1
0.232823 1
0.752753 1
0.257189 1
1.136338 1
0.195919 8
0.713426 2
0.033296 8
0.000387 32
0.002711 67
0.000599 33
0.002035 1923
1.821449 81
0.000794 8
1.006605 8
0.002660 20
1.978664 9
0.620050 38
1.165307 1
0.104493 1
2.065363 29
0.143119 29
0.114392 1
0.084408 1
3.882000 86
7.079362 1
0.932378 41
1.151200 1
0.875205 1
0.521615 173
3.442246 1
0.104432 1
0.173889 1
0.148399 1
3.310965 1
0.122665 8
0.671778 123
1.361280 1
0.253841 1
0.145716 1
0.235935 9
0.607031 2
0.007491 8
0.000335 32
0.001309 67
0.000471 22
0.000777 1923
1.263942 8
1.120357 16
0.052391 13
0.137111 13
0.165978 13
0.015904 13
0.070335 13
0.199890 13
0.008851 13
0.064621 13
0.145919 13
0.031321 13
0.065992 13
3.322894 9
1.088123 38
0.828959 1
0.073246 1
0.534081 25
0.003850 30
0.000525 2
0.000305 2
0.000297 15
0.000385 23
0.001283 121
3.020488 1
0.201720 1
0.611812 1
0.481395 1
0.781986 4
0.363326 1
0.140319 1
1.276302 1
0.216575 1
0.850782 5
0.222258 2
0.010655 103
5.611467 1
0.263372 1
0.967798 1
0.565141 1
0.161965 1
3.238561 1
0.225862 1
1.256226 1
0.391654 1
0.263147 1
0.100806 1
0.215957 1
0.140334 1
2.240279 1
0.114874 1
1.303174 1
0.594712 1
1.873114 4
0.745692 1
3.588878 1
1.080867 54
0.953272 75
0.617550 4
0.752516 1
3.157742 4
1.232736 1
1.976778 4
0.611887 1
0.402963 1
2.569181 1
0.310574 1
0.457034 1
0.604097 4
0.156529 4
0.165805 4
2.862584 1
0.576850 1
0.391898 4
2.160159 1
0.200152 8
46.988984 2
0.003755 63
1.982715 28
0.170186 94
6.697921 86
0.167788 55
0.186158 1
1.077457 1
0.395842 1
0.338613 1
0.551701 1
0.135576 1
0.378825 1
2.794406 1
0.540387 1
0.416998 1
0.108550 1
0.864113 1
0.901137 1
0.867214 1
0.259843 1
0.962956 1
0.232903 8
0.513451 2
0.003282 63
2.579917 22
0.122707 74
0.788467 94
2.831556 2
0.155530 44
2.114231 2
0.514182 74
0.000364 2
0.000371 2
0.000302 73
0.000303 2
0.000397 66
0.000303 2
0.000298 47
0.000363 2
0.000295 2
0.000315 65
0.000331 2
0.000314 28
0.000285 2
0.000362 58
0.000286 2
0.154607 89
0.546503 6
0.166146 18
0.615227 24
0.721206 24
2.306937 4
0.500171 4
0.030198 4
0.030562 4
0.031183 4
0.032093 4
0.031226 4
0.030336 4
0.030732 4
0.031280 4
0.030730 4
0.030122 4
0.032449 1
0.030889 1
0.033428 1
0.031832 1
0.033155 1
0.030646 1
0.033888 1
0.034461 1
0.112303 1
0.056039 1
0.766910 1
0.337432 1
0.206756 1
0.544863 4
2.302134 1
0.164783 1
0.200237 99
1.233519 1
0.851925 4
0.357730 1
0.221078 1
0.261125 1
0.741216 1
0.303850 1
0.228506 2
0.457190 105
1.460673 1
0.309243 1
0.165819 1
1.217965 1
0.199699 1
0.737569 4
0.290398 1
0.176245 8
0.487625 2
0.005873 8
0.000327 32
0.000950 67
0.000530 33
0.000673 1923
15.106537 1
1.470176 1
1.919869 1
1.446842 27
0.000323 8
0.000293 6
1.128032 1
0.371855 1
0.599900 29
0.697474 1
0.295061 173
1.879204 1
0.225828 1
0.360189 1
0.963265 1
0.359623 1
0.270218 1
0.195688 1
0.465444 2
0.006580 103
1.971179 36
0.573681 81
0.189111 74
0.932243 94
0.806559 77
0.807261 77
0.498131 86
0.767135 4
0.500229 4
0.030636 4
0.030494 4
0.030948 4
0.034171 4
0.033722 4
0.033297 4
0.031287 4
0.030768 4
0.033615 4
0.031052 4
0.033672 4
0.030304 4
0.033274 4
0.033683 4
0.030839 4
0.029785 4
0.031388 4
0.033233 4
0.031070 4
0.031545 4
0.033497 4
0.033310 4
0.032229 4
0.031828 4
0.030659 4
0.034292 4
0.030205 1
0.032168 1
0.031543 1
0.031345 1
0.030904 1
0.030562 1
0.033552 1
0.032830 1
1.584846 1
1.203923 1
0.150432 1
0.211167 1
0.180860 1
0.694354 1
0.720321 4
0.078499 1
0.158698 1
0.978590 1
2.954032 1
0.094494 1
0.150812 1
3.694522 1
0.509132 1
0.046906 1
0.044243 1
0.030874 1
0.030156 1
0.032102 1
0.030978 1
0.030457 1
0.030644 1
0.030829 1
0.030805 1
0.044905 1
0.029702 1
0.045645 1
0.030837 1
0.031571 1
0.031423 1
0.031069 1
0.150728 5
0.404911 5
0.177855 5
0.141538 5
0.198045 5
0.441815 3
0.503655 3
0.030819 3
0.030010 3
0.033289 3
0.032529 3
0.029812 3
0.031181 3
0.033733 3
0.032605 3
0.032706 3
0.033939 1
0.032579 1
0.032962 1
0.031903 1
0.033013 1
5.131456 4
0.192789 4
0.773741 4
4.892071 1
0.369605 1
0.220275 1
0.278484 1
0.107392 1
0.711422 1
0.296327 1
0.363726 1
0.117635 1
0.466222 1
0.387855 1
0.530386 1
0.217143 1
0.181737 1
0.210224 1
5.090800 2
0.070234 47
0.000191 2
0.000177 14
16.143938 25
1.770449 45
0.810857 25
0.943692 2
0.050539 63
0.182389 65
0.248138 65
1.177230 1
0.207100 1
1.123277 28
1.600546 1
0.502854 1
0.030285 1
0.030345 1
0.030574 1
0.034385 1
0.030197 1
0.030749 1
0.030701 1
0.034012 1
0.033731 1
0.033060 1
0.033452 1
0.031224 1
0.231761 1
0.668507 31
0.063819 31
0.477593 31
0.182535 3
0.500909 3
0.031291 3
0.030701 3
0.030811 3
0.029684 3
0.033404 3
0.033533 3
0.033444 3
0.033794 3
0.033884 3
0.033186 3
0.033720 3
0.030968 3
0.031833 3
0.033695 1
0.029796 1
0.030557 1
0.032048 1
1.387624 1
0.595750 1
0.290420 1
0.321497 1
0.883370 4
0.856957 1
0.320487 1
0.181691 1
0.544780 1
0.062941 1
0.529879 1
0.127679 1
0.913306 1
0.821684 2
0.033339 47
0.000180 2
0.024717 63
1.453480 42
1.130074 49
2.285584 90
0.398008 81
1.747129 2
0.003300 63
1.231175 22
0.154152 94
0.680080 49
0.174062 90
0.532619 81
0.620281 74
1.303771 2
0.008320 63
1.282787 28
0.839499 55
0.171890 1
0.266132 1
0.413618 28
0.153548 106
0.159864 94
0.546223 49
0.725291 90
0.961018 2
0.141554 44
1.481145 2
0.532810 74
0.000386 2
0.000286 2
0.000268 73
0.000313 2
0.000269 66
0.000270 2
0.000298 47
0.000272 2
0.000260 2
0.000280 65
0.000354 2
0.000280 28
0.000256 2
0.000326 58
0.000257 2
0.146343 89
1.574950 6
0.160087 18
0.542648 22
0.127570 9
0.172419 11
0.434885 15
0.463731 99
0.610739 5
0.200561 11
0.406868 18
0.622908 22
0.480963 105
0.420926 6
0.132365 9
0.479899 11
0.795223 18
0.951188 2
0.005997 8
0.000389 32
0.005642 67
0.003221 22
0.000744 1923
1.768899 8
0.986695 16
0.160592 13
0.025092 13
0.144513 13
0.109849 13
0.012862 13
0.061388 13
0.178754 13
0.026926 13
0.041541 13
0.215929 13
0.008655 13
0.009294 13
0.999878 9
0.500541 38
1.073111 1
0.067157 1
0.640608 25
0.002798 175
2.787002 1
0.183805 1
0.667052 1
0.612017 1
0.455109 1
0.140704 1
0.608103 2
0.006777 103
3.195931 1
0.170462 1
0.390147 1
1.809160 1
1.541810 1
0.277023 8
0.823892 2
0.005645 8
0.000196 32
0.002822 67
0.000301 22
0.000387 1938
2.998886 41
2.410689 1
1.096140 1
2.379495 133
2.148139 1
0.294320 1
0.218009 1
0.170849 1
0.232465 8
