0.081074 72
27.586627 1
0.192972 1
0.279406 1
0.199235 1
6.709973 1
47.900114 1
0.077075 1
0.686195 1
1.609744 1
0.178370 1
0.132348 1
0.000239 1
2.243691 1
0.234430 1
0.179079 1
1.618594 1
0.431830 1
0.406062 1
0.174815 1
0.276131 1
0.080290 1
0.294022 1
0.458034 1
0.249958 1
0.145828 1
1.122354 1
0.915932 2
0.026249 32
2.061641 2
0.053114 72
5.039830 1
0.180974 1
0.150842 1
0.288585 1
0.178813 1
1.471821 1
0.095233 1
1.774882 4
0.423784 1
0.221308 1
0.430759 1
0.179860 1
1.517189 1
0.548777 1
1.674894 1
0.211238 1
0.512934 1
0.326291 1
19.807190 1
0.108168 1
0.316904 1
0.194458 1
0.364552 7
2.476767 1
0.361130 1
0.246820 1
0.233103 1
0.087629 1
0.314020 1
0.194730 1
1.160403 1
0.099783 1
0.854485 1
10.928863 2
0.050056 42
0.000195 2
0.048791 72
6.463125 1
0.259710 1
0.767073 1
0.576773 4
0.144041 1
0.196276 1
0.292779 1
1.833505 1
0.729639 1
0.627448 1
0.882755 1
1.508311 1
0.689912 1
0.520604 1
1.690681 4
0.172834 4
1.057391 1
0.572448 1
15.055922 2
0.024399 72
7.881037 12
1.652721 1
0.498788 1
0.200626 1
0.787713 11
0.118983 7
0.131104 7
2.229492 3
0.217276 3
0.193343 3
71.953533 4
1.486106 1
5.351220 1
0.302702 8
2.670715 2
0.020396 72
9.134431 1
0.211656 1
0.198591 1
0.272570 1
0.125824 1
0.194641 1
0.350915 1
0.183539 1
0.411812 1
0.116315 1
0.147135 1
0.221112 1
1.658350 1
0.645905 1
0.210746 1
0.172410 1
1.069232 1
0.218356 1
0.192334 1
0.202791 1
0.167848 1
0.279716 1
0.124245 1
1.741858 1
0.913778 1
0.134758 1
0.118656 1
0.493237 4
0.189831 1
1.220885 1
0.497726 1
0.453284 1
0.200235 1
0.619863 1
0.114499 1
0.937550 1
0.069955 1
42.723032 1
0.096607 1
1.079541 1
0.445888 1
0.643628 1
0.131221 1
0.206330 1
0.186249 1
1.517997 2
0.207566 41
0.000315 2
0.000520 66
0.000142 2
0.000121 75
0.000049 2
0.000039 61
0.000038 2
0.000037 21
0.000037 2
0.000037 20
0.000037 2
0.000037 2
0.000038 75
0.000037 2
0.000038 76
0.000037 2
0.000037 44
0.000037 2
0.000039 20
0.000037 2
0.000037 2
0.000037 32
0.000038 2
0.000037 25
0.000037 2
0.000037 19
0.000036 2
0.000037 2
0.000091 34
0.000037 2
0.000037 21
0.000037 2
0.000036 2
0.000037 18
0.000037 2
0.000037 44
0.000036 2
0.000036 2
0.000037 16
0.000037 2
0.000037 60
0.000037 2
0.000037 58
0.000036 2
0.000037 62
0.000039 2
0.000037 52
0.000037 2
0.000037 33
0.000036 2
0.000037 48
0.000037 2
0.000037 50
0.000082 2
0.000059 2
0.005686 72
10.934797 42
0.483730 4
0.495718 4
0.033646 4
0.032997 4
0.040272 4
0.020476 4
0.028810 4
0.030351 4
0.029460 4
0.030308 4
0.032497 4
0.031808 4
0.030797 4
0.202612 4
0.187226 4
0.164590 4
0.541598 4
0.183209 4
0.576335 4
0.701152 1
0.619025 1
0.092976 1
0.148666 1
0.204385 1
0.542715 2
0.191989 33
0.000219 2
0.002061 45
0.000194 2
0.035492 73
0.000192 2
0.080179 51
0.000203 2
0.006251 34
0.000180 2
0.047032 14
3.373208 23
1.402259 2
0.019970 37
0.000187 2
0.020786 49
0.000250 2
0.000214 51
0.000119 2
0.000127 1
0.000115 14
0.878779 19
0.130998 18
0.107927 18
0.098432 13
0.104389 2
0.012137 34
0.092331 2
0.008037 72
16.181880 1
0.071364 1
0.274395 1
0.257465 1
0.157171 1
0.546686 4
0.167490 4
0.613579 1
0.124514 1
0.286379 82
1.547972 1
0.159819 1
0.183580 59
0.000823 80
3.908139 1
0.054277 1
0.218899 1
1.912489 1
0.527139 10
0.554774 74
12.541339 1
0.094312 1
0.573115 1
0.378446 5
3.115073 1
0.499779 1
0.032685 1
0.033099 1
0.036412 1
0.032503 1
0.023961 1
0.031373 1
0.030335 1
0.113182 1
0.017432 1
0.032415 1
0.031920 1
0.028800 1
0.200618 5
0.273523 5
0.362879 5
0.191484 5
0.068763 5
0.555010 3
0.499349 3
0.032811 3
0.032626 3
0.037672 3
0.028598 3
0.028162 3
0.035061 3
0.021724 1
0.031377 1
0.029936 1
0.030185 1
0.030933 1
0.030375 1
7.637929 1
0.151580 1
0.360845 1
2.581646 1
0.325920 1
0.143780 14
1.848945 1
0.285072 1
1.137582 1
0.159927 1
0.322650 1
0.083273 1
0.196174 1
0.285093 1
0.122223 1
0.139593 1
0.865641 1
0.650609 2
0.064046 47
0.003925 2
0.051171 72
6.810418 1
0.116272 1
0.525274 4
0.179539 4
0.158403 1
0.192792 1
0.068627 1
0.195751 1
0.171368 1
0.147354 5
0.507920 86
7.284570 1
0.191235 1
0.445412 1
0.265788 1
0.214778 1
0.753978 1
0.642625 1
0.634017 1
0.549880 1
0.145164 1
1.577120 1
0.529761 9
0.108282 1
0.977004 4
7.076598 1
0.499489 1
0.034566 1
0.031740 1
0.035287 1
0.030509 1
0.026994 1
0.168637 1
0.308997 1
0.754681 6
0.499768 6
0.035045 6
0.029932 6
0.051622 3
0.200850 3
0.500421 3
0.032178 3
0.034676 3
0.035232 3
0.026414 3
0.052993 3
0.022904 3
0.030034 1
0.198080 4
0.190380 4
0.157316 4
0.148170 4
0.157968 4
0.159855 4
0.161565 4
0.190900 4
0.139861 4
0.171060 4
0.166132 4
0.174544 4
0.147798 4
0.788779 1
0.211071 1
0.872570 4
3.126216 4
1.010648 1
0.230166 1
2.265324 1
0.051611 1
0.665796 4
0.192315 4
0.173451 4
0.164477 4
1.185993 1
1.018045 1
1.241430 1
0.287627 8
3.615460 1
0.155117 1
0.914062 4
1.034767 1
0.198259 1
1.752615 4
1.764772 1
0.139337 1
0.352010 1
2.503956 4
0.500991 4
0.033926 4
0.031885 4
0.039433 4
0.033231 4
0.027406 4
0.221970 4
0.158550 4
0.176323 4
0.169571 4
0.173276 4
0.167058 4
0.171789 4
0.168711 4
1.213984 9
0.769390 2
0.003409 7
0.000546 34
0.000323 25
0.000676 2
0.000906 84
10.364155 20
0.315219 1
0.501241 1
0.034294 1
0.032138 1
0.037826 1
0.030465 1
0.031855 1
0.031362 1
0.034334 1
0.034626 1
0.032220 1
0.027011 1
0.024918 1
0.029261 1
0.030758 1
0.030974 1
0.031324 1
0.031602 1
0.030875 1
0.031823 1
0.030928 1
0.086944 1
0.026547 1
0.032491 1
0.032291 1
0.030712 1
0.694322 5
0.180032 5
0.261569 5
0.260034 5
0.156401 5
0.281347 2
0.036787 84
22.536371 25
0.936337 4
0.497276 4
0.034641 4
0.035066 4
0.031899 4
0.023443 4
0.030768 4
0.030759 4
0.031146 4
0.033147 4
0.028458 4
0.032933 4
0.030887 4
0.306088 4
0.171521 4
0.166174 4
0.172376 4
0.180300 4
0.832113 1
0.180638 1
0.408456 1
1.234357 1
0.207517 1
1.542483 1
0.372903 1
0.840663 1
0.202412 1
0.244838 1
0.331577 1
0.241313 1
0.476877 1
0.091908 1
0.754995 1
1.089774 4
0.177958 4
0.161159 4
0.153725 4
0.160702 4
0.177063 4
0.338187 1
0.065962 1
0.574763 4
0.171139 4
0.143863 4
0.064170 1
0.043125 1
1.868867 1
0.255037 1
0.330322 1
0.080781 1
0.354251 1
1.719553 1
1.055979 1
1.055073 4
2.059889 1
0.268985 1
1.542621 4
0.503222 1
0.251216 1
0.242993 1
0.190836 6
3.298816 4
0.166563 4
0.185103 4
0.184783 4
0.178925 4
0.182679 4
0.197896 4
0.179675 4
0.169347 4
1.283652 1
0.190822 1
0.254447 1
0.584203 1
2.054737 4
0.245329 4
0.172958 4
0.189024 4
1.309561 1
0.979942 1
3.195118 1
0.133155 1
0.213000 1
0.383039 1
2.567644 5
2.280663 2
0.055731 84
4.556296 1
0.309156 1
0.199855 1
0.235006 1
0.169978 1
0.297853 1
0.897046 1
0.445659 1
0.122111 1
0.198549 1
0.206111 1
2.202112 1
0.140186 1
0.236423 1
0.185629 1
0.447925 4
0.196780 4
0.180906 4
0.187459 4
5.593245 1
0.313099 1
0.290411 1
0.218963 1
0.081232 1
0.243234 1
0.133807 1
0.380100 1
0.087824 1
1.058145 1
0.464775 1
0.328108 1
0.286452 1
0.110062 1
0.231501 1
0.536989 1
5.631670 1
0.115402 1
0.141427 1
1.360470 4
0.189258 4
0.442575 4
0.559250 1
0.163833 1
0.202098 1
0.212218 1
0.617030 1
0.071168 1
0.198348 1
0.285864 4
0.152144 4
0.168864 4
0.726845 1
0.147396 1
0.083924 1
0.079195 1
0.377519 4
0.194885 4
0.155889 4
0.139001 4
0.565948 1
0.132190 1
0.060525 1
0.104433 1
1.273344 2
0.057117 84
6.534518 1
0.179977 1
1.137090 1
0.170152 1
2.001471 1
0.280548 1
0.302140 1
0.167521 1
0.068354 1
0.237223 1
0.342382 1
0.291458 1
0.224737 1
0.246692 1
0.497132 1
0.309708 1
0.198412 1
0.122752 1
0.238974 1
0.813741 1
2.755093 4
0.605209 1
0.818607 1
0.370501 1
0.821004 4
0.735734 1
0.184218 1
0.257307 1
0.162369 1
0.859384 1
0.634510 4
3.166001 1
0.133600 1
0.460294 1
0.532041 1
0.138693 1
0.726922 1
0.429570 1
1.521647 1
0.198093 1
0.639134 1
1.547886 2
0.186438 232
2.178918 1
0.144607 1
0.126686 1
1.448461 85
0.070679 45
2.783058 2
8.271970 707
0.400227 82
7.276707 1
0.049359 1
0.233323 1
0.207837 1
0.123896 1
0.255472 92
2.067096 1
0.077012 1
0.672338 1
1.518289 4
0.182375 4
0.176654 1
0.124306 1
0.057672 1
0.341064 1
0.468585 1
0.198957 10
0.524636 114
7.307526 1
0.177548 1
0.347080 1
1.774758 1
0.233882 8
0.921525 2
0.034500 39
0.002333 67
0.000569 22
0.000675 1975
0.000362 356
2.936654 14
1.614166 16
0.010796 13
0.137664 13
0.152460 13
0.008770 13
0.070227 13
0.159266 13
0.014522 13
0.067396 13
1.771207 16
1.499902 38
1.040208 1
0.085884 1
0.600848 25
0.004924 30
0.002145 2
0.000311 2
0.000293 15
0.000337 29
0.007698 112
5.245401 1
1.006120 4
0.205838 1
0.088033 1
0.254368 1
0.677995 1
0.860911 1
0.091773 5
0.496760 126
1.933134 1
0.438270 1
0.082686 1
0.154872 9
0.748743 2
0.007634 39
0.005834 67
0.005282 22
0.000667 1975
0.000534 356
1.558759 14
0.315522 16
0.091785 13
0.011463 13
0.129137 13
0.125638 13
0.013495 13
0.075277 13
0.092733 13
0.009194 13
0.083858 13
0.761918 16
0.666265 38
1.121691 1
0.057296 1
0.379580 25
0.000962 30
0.000653 2
0.000722 2
0.000341 15
0.000329 29
0.001725 124
3.519860 1
0.144208 1
0.529236 1
0.658502 4
0.171412 4
0.168323 4
0.693760 1
0.211008 1
0.735763 1
0.706362 1
0.289135 1
1.233712 4
0.180647 4
0.614890 1
0.296312 1
0.181069 1
4.760495 2
0.010289 40
0.008030 84
6.396822 1
0.116730 1
0.450653 1
0.687008 1
0.245418 9
0.859348 2
0.001757 10
0.000476 2
0.001036 84
2.826096 1
0.156408 1
0.624708 1
0.161191 1
1.597984 8
