0.076409 72
77.297342 76
0.041264 76
4.000131 76
0.071599 76
1476.964384 4
0.248803 108
0.373139 98
0.918679 139
2.242120 139
6.733699 139
0.902104 139
2.194850 1
0.499669 1
0.032981 1
0.031446 1
0.032271 1
0.028172 1
0.032311 1
0.033633 1
0.030604 1
0.035127 1
0.032949 1
0.030710 1
0.037777 1
0.029527 1
0.036338 1
0.022590 1
0.030756 1
0.030167 1
0.030840 1
0.031453 1
0.029604 1
0.031389 1
0.031101 1
0.031099 1
0.030463 1
0.038747 1
0.026287 1
0.034164 1
0.032139 1
0.033072 1
0.030293 1
0.035190 1
0.026880 1
0.032556 1
0.029914 1
0.030563 1
0.030089 1
0.032234 1
0.030480 1
0.030697 1
0.032303 1
0.030179 1
0.030999 237
0.030462 1
0.032069 1
0.029409 1
0.033884 1
0.028363 1
0.030536 1
0.030101 1
0.030595 1
0.030209 1
0.032450 1
0.030679 1
0.035016 1
0.031706 1
0.028455 1
0.035105 1
0.028788 1
0.035034 1
0.023994 1
0.031379 1
0.029198 1
0.032031 1
0.676797 1
0.268433 1
0.228242 3
0.500317 3
0.030161 3
0.038096 3
0.024502 3
0.030735 3
0.031331 3
0.031280 3
0.031388 3
2.573712 1
0.203127 1
0.193336 1
0.186945 1
0.176824 1
0.202274 1
24.315685 1
0.394861 3
0.193070 3
0.380269 1
1.238862 119
0.775995 115
3.252225 3
0.499228 3
0.030949 3
0.033513 3
0.030234 3
0.033254 3
0.024998 3
0.031426 3
0.030651 3
0.219243 3
0.458388 3
25.885225 5
0.127753 32
2.924427 2
0.165092 79
0.285261 79
0.000171 2
0.004571 72
1.719448 100
0.904469 1
0.496017 1
0.034391 1
0.033627 1
0.035883 1
0.026729 1
0.037954 1
0.026805 1
0.030933 1
0.029144 1
0.029325 1
0.028975 1
0.031071 1
0.031261 1
0.031622 1
0.030835 1
0.030930 1
0.031987 1
0.030738 1
0.035000 1
0.029432 1
0.035476 1
0.028067 1
0.029641 1
0.031769 1
0.031135 1
0.035724 1
0.034100 1
0.028089 1
0.033367 1
0.027516 1
0.030908 1
0.029634 1
0.033423 1
0.031144 1
0.028527 1
0.034956 1
0.030458 1
0.036213 1
0.025910 1
0.027935 1
0.030015 1
0.031211 237
0.034546 1
0.030738 1
0.032829 1
0.031671 1
0.031515 1
0.029805 1
0.033899 1
0.023565 1
0.038956 1
0.030527 1
0.032009 1
0.293333 1
0.499727 1
0.029904 1
0.032803 1
0.030985 1
0.031624 1
0.029969 1
0.029179 1
0.031045 1
0.031657 1
0.289015 1
0.498308 1
0.034583 1
0.034143 1
0.031207 1
0.033167 1
0.037952 1
0.437853 3
0.210446 3
0.176226 3
0.174976 3
0.164365 3
0.171855 3
0.175745 3
0.505702 117
0.188882 117
0.225528 117
0.907072 113
0.265346 113
0.297277 113
0.558126 113
0.323777 113
0.188851 113
0.245657 113
4.186784 5
0.097453 32
2.442170 2
0.132469 79
0.004962 79
0.000105 2
0.003173 72
1.210233 104
0.524773 1
0.498666 1
0.030215 1
0.032471 1
0.027487 1
0.030898 1
0.030993 1
0.033404 1
0.030445 1
0.030346 1
0.029226 1
0.035521 1
0.027830 1
0.030155 1
0.030829 1
0.029826 1
0.031168 1
0.030035 1
0.031180 1
0.030938 1
0.030465 1
0.030994 1
0.032330 1
0.030240 1
0.034772 1
0.032592 1
0.033130 1
0.031563 1
0.034488 1
0.033864 1
0.033571 1
0.029706 1
0.034411 1
0.026486 1
0.031726 1
0.030411 1
0.034664 1
0.032244 1
0.025913 1
0.029646 1
0.030898 1
0.031503 1
0.031272 1
0.034270 1
0.030819 1
0.033474 1
0.030184 237
0.038021 1
0.029073 1
0.033592 1
0.027207 1
0.030869 1
0.031843 1
0.031095 1
0.030848 1
0.032486 1
0.031606 1
0.030533 1
0.030779 1
0.031417 1
0.031312 1
0.030569 1
0.032603 1
0.480673 1
0.500442 1
0.030316 1
0.034947 1
0.033073 1
0.027002 1
0.029743 1
0.031870 1
0.031242 1
0.030279 1
13.240087 1
0.239727 1
0.175104 1
0.772494 1
0.534110 3
0.201080 3
0.176790 3
0.169421 3
0.152143 3
0.153006 3
0.152209 3
0.165981 3
0.176602 3
0.175608 3
0.182066 3
0.187178 3
0.179294 3
0.198590 3
0.204004 3
0.205573 3
0.214514 3
0.201355 3
0.203575 3
0.243588 3
1.018195 3
1.064101 3
6.552344 1
0.723477 3
0.189917 3
0.169326 3
0.515655 3
0.344677 141
0.192525 141
0.186951 141
0.200175 141
0.197425 141
0.218143 141
0.203096 141
0.250513 141
0.265072 141
0.236818 141
0.256178 141
0.270102 141
0.274128 141
0.243622 141
0.222866 141
0.196969 141
0.266892 141
0.222555 141
0.203633 141
0.370240 141
0.766359 137
0.203239 137
17.619541 5
0.102683 32
1.897205 2
0.186897 45
0.000436 72
15.943942 86
0.449349 1
0.499560 1
0.034419 1
0.031402 1
0.032082 1
0.030064 1
0.031666 1
0.032528 1
0.032036 1
0.030035 1
0.029480 1
0.031398 1
0.034623 1
0.033870 1
0.031612 1
0.032910 1
0.030407 1
0.029795 1
0.030941 1
0.031664 1
0.030175 1
0.032997 1
0.029607 1
0.030285 1
0.030465 1
0.032362 1
0.031071 1
0.030453 1
0.030887 237
0.032286 1
0.029583 1
0.031105 1
0.031512 1
0.030721 1
0.032797 1
0.032799 1
0.032659 1
0.029785 1
0.033334 1
0.027546 1
0.033649 1
0.032793 1
0.031697 1
0.026500 1
0.029680 1
0.032122 1
0.029597 1
0.033639 1
0.028702 1
0.035772 1
0.027515 1
0.036416 1
0.028230 1
0.409954 3
0.777489 137
0.853603 137
0.186930 137
0.292316 137
0.590608 5
0.099707 32
2.114660 2
0.125424 79
0.001020 79
0.001250 2
0.004646 72
16.419436 1
0.125384 1
0.194997 1
1.582806 4
0.237444 4
0.200406 4
0.211179 1
95.011144 90
0.219906 128
0.222263 150
0.413174 98
0.172624 115
0.178420 108
0.685386 98
0.195883 139
0.200864 131
0.284760 15
0.492056 4
0.710567 4
0.195207 12
0.206558 102
0.498539 139
0.034684 110
0.027130 158
0.039909 104
0.021345 110
0.029086 83
0.030759 140
0.030984 89
0.031330 1
0.038381 1
0.032300 1
0.031784 1
0.031990 1
0.030200 1
0.031852 1
0.029761 1
0.032241 1
0.029687 1
0.032485 1
0.029639 1
0.029891 1
0.030912 1
0.576775 1
0.173905 1
0.450902 1
0.373422 1
5.820377 8
