0.038889 63
69.824105 1
0.329813 1
2.673955 1
2.099835 4
0.196677 4
0.195881 4
32.836329 1
0.152716 1
1.145358 1
0.809838 1
0.223096 1
1.627695 1
0.649085 1
0.175952 1
0.272055 1
0.431400 1
0.183713 1
0.262220 1
2.142532 1
0.204568 1
0.186422 1
0.192216 1
0.182356 1
0.209622 1
1.487229 13
0.635021 17
0.560539 13
1.009852 13
5.352799 1
0.500621 1
0.032242 1
0.031749 1
1.462189 3
0.388649 5
0.174160 5
0.565509 2
0.036501 63
0.746854 14
0.230679 1
0.177139 1
0.161530 1
0.156919 1
0.159098 1
0.161758 1
0.160380 1
0.161040 1
0.158065 1
0.741911 5
0.149872 5
0.246676 2
0.014271 63
0.865206 14
0.673597 1
0.500023 1
0.031518 1
0.030619 1
0.032049 1
0.032390 1
0.032802 1
0.035838 1
0.212475 1
0.201476 1
0.852041 3
0.276418 5
0.182239 5
0.185513 5
1.351694 2
0.023240 63
0.726191 13
0.279787 1
0.219452 1
0.502240 1
0.030872 1
0.180681 1
0.181547 1
0.188152 1
0.173383 1
0.172564 1
0.170400 1
0.988787 12
1.126919 5
0.374792 5
0.759597 3
0.166816 5
0.217878 6
0.172856 5
0.803009 9
0.368683 5
1.263236 2
0.021062 63
0.657862 13
0.465091 1
0.501629 1
0.031506 1
0.030596 1
0.030833 1
0.031086 1
0.030466 1
0.031616 1
0.274171 1
0.178797 1
0.240113 5
0.614317 2
0.017671 63
59.978289 1
0.174589 1
0.236241 1
4.659120 1
2.027636 1
0.095409 1
1.227792 1
0.235167 1
1.940316 1
0.242926 1
0.814998 1
0.222081 1
1.790512 1
0.107511 1
0.899474 1
24.867039 1
0.137484 1
0.130783 1
0.938435 1
0.854172 1
0.638907 1
0.252139 1
12.194099 1
0.336567 1
0.204099 1
0.267313 1
0.961400 1
18.185345 1
0.206968 1
0.103725 1
2.031996 2
0.089422 39
2.315630 2
1.143989 490
0.081329 72
33.697897 1
0.419888 1
0.209209 1
0.207213 1
0.743803 1
0.259094 1
0.366998 1
0.863734 4
0.192001 1
0.194861 1
0.213278 1
0.887984 2
0.098508 25
0.120945 83
0.000067 3
0.000310 2
0.000191 15
0.003126 480
0.000729 542
0.000975 330
3.841650 330
0.084339 330
0.175863 220
0.001032 110
1.247495 448
0.165356 499
0.456266 507
0.062176 111
0.000630 189
0.000506 166
0.041359 489
0.659272 641
0.065658 564
0.336763 640
0.056818 451
2.072418 499
0.035709 507
0.021631 300
0.000335 166
0.025172 489
0.026028 501
0.041873 420
0.390442 587
0.019841 437
0.015572 400
0.013439 124
0.000287 372
0.025305 309
0.004325 189
0.032609 577
0.339468 486
0.024606 567
0.016886 457
0.033013 396
0.400738 420
0.024684 360
0.013653 360
0.017518 360
0.009748 360
0.016652 360
0.035522 360
0.334577 360
0.013009 360
0.013824 360
0.010629 120
0.000378 240
0.015230 360
0.021606 360
3.380629 28
0.002133 72
7.560392 1
0.252002 1
0.231453 1
0.860555 2
0.012586 13
0.189730 110
0.000196 261
0.000401 2
0.000380 602
0.000367 236
0.000390 5
0.000429 2
0.000219 101
0.000290 2
0.000220 107
0.000148 2
0.000309 103
0.000411 630
0.000230 945
2.983225 108
0.000064 2
0.000461 368
0.001312 236
0.000081 2
0.000303 3
0.000428 2
0.000374 2
0.000121 107
0.000574 4
0.000460 28
2.999457 716
0.000251 5
0.001554 216
0.001037 1573
2.988531 106
0.000424 4
0.000387 368
0.000381 2
0.000080 2
0.000260 3
0.000212 2
0.000207 2
0.000232 103
0.000196 2
0.000194 103
0.000285 2
0.000608 103
0.000101 2
0.000799 1472
2.997873 106
0.000535 4
0.000340 366
0.000328 2
0.000590 236
0.000412 5
0.000449 4
0.000394 105
0.000466 109
0.000733 1573
3.002578 108
0.000294 259
0.004704 484
0.000586 2
0.003893 1686
3.018574 108
0.001072 627
0.000117 2
0.000543 2
0.000066 2
0.000247 3
0.000367 2
0.000065 2
0.000309 107
0.000534 2
0.000530 103
0.000533 1575
3.008694 108
0.000349 2
0.000233 366
0.000348 2
0.000437 4
0.000491 5
0.000496 105
0.000205 2
0.000641 105
0.000255 1048
0.000546 525
3.013646 108
0.000563 2
0.000325 366
0.000416 2
0.000630 2
0.000468 2
0.000331 3
0.000273 2
0.000310 2
0.000649 1581
0.003067 206
3.008022 108
0.000349 2
0.000062 366
0.000173 2
0.000222 2
0.000177 2
0.000395 3
0.000194 2
0.000297 105
0.000213 2
0.000222 109
0.000334 105
0.000346 105
0.000466 208
0.000376 1050
0.000132 105
3.010741 106
0.000063 2
0.000343 2
0.000487 366
0.000096 2
0.000292 2
0.000367 2
0.000282 5
0.000498 2
0.000278 103
0.000052 2
0.000231 103
0.001652 1579
3.009194 108
0.000318 2
0.000905 370
0.000275 2
0.000434 3
0.000562 4
0.000429 103
0.000413 2
0.000267 103
0.000224 2
0.000892 1472
0.004215 105
2.993762 108
0.000223 259
0.001863 379
0.000414 105
0.004684 1688
2.999000 108
0.000273 627
0.000314 4
0.000278 5
0.000299 4
0.000392 105
0.000269 103
0.000052 2
0.000236 103
0.000052 2
0.000324 105
0.000625 103
0.000180 844
0.005772 420
2.998300 106
0.000265 370
0.000575 2
0.000085 2
0.000322 5
0.000568 4
0.000360 103
0.000307 2
0.000404 105
0.000325 103
0.000300 2
0.000485 339
3.006713 110
0.000433 368
0.000321 236
0.000339 236
0.000436 5
0.000207 2
0.000414 103
0.000203 2
0.000077 103
0.000261 2
0.000077 103
0.000550 2
0.000083 103
0.000722 1369
3.012043 110
0.000400 366
0.000234 2
0.000260 4
0.000242 5
0.000309 105
0.000675 2
0.000548 103
0.000579 531
0.000309 943
0.000218 105
3.010456 106
0.000470 261
0.000392 2
0.000318 366
0.000250 4
0.000380 5
0.000460 4
0.000153 107
0.000304 2
0.000131 103
0.000175 2
0.000043 103
0.000208 135
3.015200 369
0.005776 847
0.000435 1787
3.018852 367
0.000415 2
0.000352 366
0.000400 238
0.000523 236
0.002790 1061
0.004419 733
3.010312 108
0.000069 259
0.000382 2
0.000207 368
0.000557 236
0.000267 234
0.000421 5
0.000236 2
0.000219 2
0.000587 105
0.000740 1686
3.022512 108
0.000078 261
0.000214 366
0.000198 2
0.000179 234
0.000186 2
0.000187 234
0.000250 2
0.000201 3
0.000184 2
0.000176 2
0.000194 103
0.000533 105
0.000390 2
0.000369 737
0.000205 737
0.000216 103
2.997793 108
0.000285 261
0.002358 950
0.000067 2
0.000192 103
0.000176 2
0.001597 238
2.995817 108
0.000068 259
0.000176 2
0.000308 366
0.000097 2
0.000352 234
0.000166 2
0.000058 234
0.000167 2
0.000186 3
0.000240 2
0.000285 2
0.000379 105
0.000208 103
0.000442 105
0.000139 2
0.000201 133
2.998698 108
0.000235 261
0.000234 366
0.000278 2
0.000169 234
0.000200 2
0.000220 2
0.000350 3
0.000082 2
0.000430 109
0.004333 1684
3.002873 108
0.000310 261
0.000272 366
0.000385 4
0.000436 5
0.000364 2
0.000469 105
0.000295 2
0.000643 107
0.000349 632
0.000733 523
0.000365 420
3.011397 108
0.000220 2
0.000273 2
0.000363 4
0.000237 3
0.000216 2
0.000208 2
0.000312 103
0.000057 2
0.000270 103
0.000292 2
0.000198 103
0.000229 2
0.000223 107
0.000477 1365
3.035401 106
0.001647 2
0.002165 2
0.002367 372
0.000579 455
3.032160 106
0.000106 2
0.000440 2
0.000209 366
0.000204 2
0.000234 2
0.000190 2
0.000277 3
0.000285 2
0.000499 109
0.000357 2
0.001016 339
3.016124 106
0.006577 2170
3.013161 108
0.000754 370
0.000445 2
0.000307 5
0.000462 4
0.000402 105
0.000420 208
0.000408 1474
3.010822 106
0.000382 4
0.000234 366
0.000303 2
0.000197 2
0.000238 2
0.000193 3
0.000335 2
0.000387 105
0.000678 105
0.000251 109
0.000253 2
0.000533 1468
3.029021 106
0.000070 2
0.000243 2
0.000316 366
0.000329 2
0.000318 234
0.000412 2
0.000110 234
0.000230 2
0.000224 3
0.000206 2
0.000273 2
0.000409 103
0.000273 741
0.004282 313
0.002167 630
2.996822 106
0.000684 261
0.000210 2
0.000420 368
0.000554 470
0.000521 2
0.000106 3
0.000312 2
0.000245 2
0.002135 107
0.000143 2
0.000402 838
0.000338 840
3.009100 106
0.004275 261
0.000080 2
0.000352 366
0.000072 2
0.000390 236
0.000500 236
0.000634 5
0.001665 2
0.000752 107
0.001844 2
0.005578 1682
3.002911 367
0.000246 2
0.000065 366
0.000233 2
0.000060 234
0.000244 2
0.000263 234
0.006466 322
0.000289 1474
3.010706 106
0.000767 4
0.001174 366
0.000482 2
0.000245 234
0.000045 2
0.000196 234
0.000042 2
0.000546 1164
0.005732 630
3.003323 106
0.000587 4
0.000417 366
0.000381 2
0.000306 2
0.000416 2
0.000940 3
0.001758 4
0.000920 1375
3.014190 106
0.000595 4
0.000258 366
0.000278 2
0.001807 114
0.000817 1684
3.024252 106
0.001195 2
0.001846 259
0.000500 2
0.001405 366
0.006956 1804
3.006814 108
0.000293 259
0.000263 2
0.000404 366
0.000094 2
0.000369 234
0.002078 459
0.000196 1573
3.012530 108
0.000107 2
0.000374 366
0.000489 4
0.000241 2
0.000319 3
0.000055 2
0.000188 2
0.000425 103
0.000490 2
0.000580 103
0.000646 1575
3.013208 110
0.000525 370
0.000210 2
0.000278 3
0.000340 2
0.000929 109
0.003097 1680
3.006430 106
0.000067 2
0.000177 259
0.000210 2
0.000185 366
0.000251 2
0.000449 236
0.000222 234
0.000172 2
0.000240 3
0.000220 2
0.000191 2
0.000203 103
0.000217 2
0.000247 107
0.000287 2
0.000706 1573
2.998815 108
0.000440 259
0.000107 2
0.000492 368
0.000421 234
0.000339 2
0.000222 234
0.000228 2
0.000192 3
0.000180 2
0.000268 2
0.000285 103
0.000509 735
0.000371 2
0.000459 7
0.000424 96
0.000361 840
3.002764 106
0.000244 2
0.000568 261
0.000278 366
0.000236 2
0.000446 4
0.000663 5
0.000307 2
0.000489 107
0.000331 2
0.000766 735
0.000425 420
0.000440 107
0.000349 420
3.005957 106
0.001154 631
0.000487 4
0.000373 3
0.000413 2
0.000363 2
0.000860 105
0.000292 105
0.000576 1153
0.006473 420
3.009625 106
0.000529 372
0.000431 4
0.000413 5
0.000402 109
0.000478 105
0.000344 2
0.000259 105
0.000342 103
0.000609 1365
3.027854 485
0.003282 1791
3.014494 108
0.000284 2
0.000515 368
0.000364 2
0.000057 2
0.000406 3
0.000084 2
0.000273 2
0.000183 107
0.000267 2
0.000437 105
0.000747 1573
3.010672 106
0.000072 4
0.000213 366
0.000248 2
0.000484 2
0.000239 5
0.000372 2
0.000215 105
0.000234 2
0.000174 103
0.000291 2
0.000338 103
0.000600 111
0.000359 525
0.000317 838
3.013898 106
0.000219 2
0.001095 368
0.001103 2
0.000701 4
0.007232 455
3.026386 108
0.000264 368
0.000384 2
0.000059 2
0.000309 2
0.000515 5
0.000327 2
0.000497 107
0.002681 1680
3.010277 106
0.000467 4
0.000256 366
0.000201 2
0.000189 2
0.000183 2
0.000188 3
0.000254 2
0.000173 2
0.000194 103
0.000173 2
0.000204 103
0.000192 2
0.000417 103
0.002827 1268
0.000485 103
0.000535 103
3.005377 108
0.000116 2
0.000390 366
0.002285 122
0.000067 103
0.004368 1060
0.009419 31
0.000616 72
19.166981 1
0.145057 1
0.162304 1
0.199819 1
1.486192 1
0.301440 1
0.148605 1
0.199164 1
0.200737 1
2.660140 2
0.043799 25
0.112736 83
0.000273 5
0.000316 15
0.000190 2
0.000317 59
0.000206 2
0.000401 5
0.000440 21
0.000251 188
0.000328 2
0.000747 56
0.003065 843
3.265354 100
2.005873 28
0.003314 72
28.152411 1
0.128278 1
0.136269 1
2.608625 1
0.709261 4
0.823124 1
1.458939 1
2.971452 1
0.211320 1
0.367168 4
0.178527 4
0.636316 1
0.192721 1
0.266515 1
1.727241 1
0.645211 4
0.194555 4
0.589553 1
0.148826 1
2.688160 1
0.170824 1
0.268970 1
0.270287 1
0.114500 1
0.932568 1
0.288197 1
0.564633 1
0.152785 1
0.110450 1
3.377424 2
0.009140 10
0.000541 9
0.000596 2
0.000069 11
0.002448 139
0.000328 52
0.005762 72
5.829534 1
0.153894 1
2.486928 1
3.808333 1
0.240838 1
0.313740 9
0.979775 2
0.019895 39
0.007433 855
280.533624 1
1.951167 1
0.692136 1
1.000309 1
21.126923 1
0.297480 41
3.944832 1
0.085202 1
0.450472 27
0.000994 33
0.003067 48
0.003207 72
10.923617 1
0.179224 1
0.060862 1
0.193869 1
1.183446 1
0.235390 1
2.126340 1
0.173592 1
0.082502 1
2.204377 4
0.188751 1
0.675059 1
5.279231 1
0.840565 1
1.238441 1
4.685263 1
0.123067 1
0.292388 1
0.118442 1
0.123968 1
0.254689 1
0.181471 1
0.227078 1
2.048014 4
0.178757 4
0.168462 4
0.157925 4
0.155879 4
0.150781 4
0.163421 4
0.549604 4
1.489740 1
0.194509 1
0.196895 1
0.260422 1
0.072983 1
0.318667 1
0.468321 1
1.341437 1
0.175267 1
0.189759 1
0.138572 1
0.131500 1
0.201781 1
0.178466 1
0.195260 1
0.820658 1
0.499333 1
0.033568 1
0.034449 1
0.356106 3
0.353381 3
0.198376 3
0.204552 3
2.568157 1
1.628469 1
0.135762 1
0.117025 1
0.646952 1
1.563742 1
0.186514 1
0.994408 1
0.292055 1
0.091840 1
1.102726 4
0.099267 1
0.846954 1
0.547129 1
0.391385 1
0.050099 1
0.137330 1
3.479465 2
0.161005 72
22.533991 1
0.267858 1
0.183238 1
0.229181 1
1.120428 47
0.428554 1
0.503783 1
0.032618 1
0.033143 1
0.030947 1
0.032764 1
0.029295 1
0.035313 1
0.031024 1
0.031622 1
0.032990 1
0.030253 1
0.030607 1
0.032557 1
0.033778 1
0.032398 1
0.032789 1
0.030634 1
0.031718 1
0.031600 1
0.031548 1
0.029979 1
0.030976 1
0.031155 1
0.032395 1
0.030254 1
0.033077 1
0.030298 1
0.033186 1
0.031150 1
0.033045 1
0.031226 1
0.031269 1
0.503596 5
0.203969 5
0.169989 5
0.160465 5
0.166345 5
0.277913 5
0.590191 5
0.130229 5
0.127105 5
0.353014 5
0.370863 3
0.501922 3
0.031498 3
0.030500 3
0.033626 3
0.032627 3
0.032864 3
0.030891 3
0.032072 3
0.030931 3
0.031653 3
0.033222 3
0.030469 3
0.033491 3
0.034587 3
0.032021 3
0.031750 3
0.031982 3
0.034880 3
0.180218 3
0.195283 3
0.182046 3
0.179859 3
0.505391 22
0.181478 22
0.175783 22
0.421695 3
0.163417 3
0.161153 3
0.149022 3
0.174086 3
0.157342 3
0.327389 13
0.168566 13
0.155628 13
0.157875 13
0.169996 13
0.165582 13
0.182180 13
0.173286 13
0.156078 13
0.757205 9
0.699739 9
0.109256 9
0.251353 9
1.997219 2
0.028844 40
0.000485 27
0.000445 2
0.006456 24
0.001537 2
0.011543 72
3.322812 39
2.328497 1
0.499356 1
0.031134 1
0.032875 1
0.032412 1
0.032438 1
0.033496 1
0.031052 1
0.837972 1
0.503357 1
0.031655 1
0.032156 1
0.032617 1
0.031454 1
0.033401 1
0.032995 1
0.031460 1
0.030423 1
0.032559 1
0.030899 1
0.035782 1
0.029669 1
0.031966 1
0.030900 1
0.032809 1
0.033970 1
0.029849 1
0.030874 1
0.032868 1
0.033022 1
0.032892 1
0.034210 1
0.030799 1
0.031986 1
0.033003 1
0.635399 3
0.227364 3
0.199553 3
0.200316 3
0.191977 3
0.255183 3
0.233172 3
1.979844 3
0.501020 3
0.030187 3
0.031439 3
0.033658 3
0.032522 3
0.029640 3
0.030462 3
0.032879 3
0.031708 3
0.033194 3
0.032721 3
0.031071 3
0.034946 3
0.030844 3
0.035241 3
0.031647 3
0.035630 3
0.030017 3
0.034791 3
0.323230 1
0.503448 1
0.031801 1
0.030460 1
0.032632 1
0.031823 1
0.032780 1
0.033091 1
0.032686 1
0.029810 1
0.032140 1
0.031713 1
0.031027 1
0.032312 1
0.031950 1
0.030552 1
0.031946 1
0.030923 1
0.031783 1
0.032594 1
0.031165 1
3.844156 1
0.268677 1
1.327622 1
0.258458 1
0.256666 1
0.205827 1
0.394758 3
0.502192 3
0.031234 3
0.031442 3
0.033170 3
0.773717 1
0.499574 1
0.030239 1
0.033230 1
0.032084 1
0.031773 1
0.033269 1
0.032876 1
0.030019 1
0.032184 1
0.840425 3
0.501182 3
0.031941 3
0.030823 3
0.031988 3
0.030705 3
0.029918 3
0.031083 3
0.537325 6
0.496036 3
0.032851 3
0.031078 3
0.035078 3
0.027433 3
0.033581 3
0.031125 3
0.031160 3
0.033667 3
0.030965 3
0.032775 3
0.030351 3
0.030749 3
0.030545 3
0.032863 3
0.033022 3
0.032339 3
0.029854 3
0.033327 3
0.030456 3
0.033388 3
0.030458 3
0.033829 3
0.031461 3
0.033132 3
0.032433 3
0.033651 3
0.031311 3
0.034745 3
0.029922 3
0.035791 3
0.029901 1
0.329721 4
0.503608 4
0.028229 4
0.035985 4
0.030210 4
0.032831 4
0.033580 4
0.031421 4
0.031623 4
0.030607 4
0.030447 4
0.030373 4
0.032343 4
0.030621 4
0.032162 4
0.033210 4
0.030310 4
0.032737 4
0.032124 4
0.031407 4
0.032258 4
0.029756 4
0.034644 4
0.031326 4
0.034896 4
0.027925 4
0.035793 4
0.030404 4
0.035989 4
0.030484 4
0.033278 4
0.257770 4
0.317325 2
0.017780 40
0.000415 27
0.000131 2
0.001828 26
0.002304 72
5.081731 1
0.234158 1
0.292566 1
0.153999 1
2.649541 1
0.364337 1
1.845008 4
0.342514 4
0.505941 4
0.031173 4
0.032075 4
0.047040 1
0.029766 1
0.030573 1
0.030715 1
0.029904 1
0.030123 1
0.029817 1
46.110602 1
0.126664 1
0.087823 1
0.277781 1
1.027468 2
0.813995 106
0.000578 2
0.000411 143
0.000093 2
0.000362 144
0.000405 2
0.000363 143
0.000652 2
0.000484 143
0.000456 145
0.000438 144
0.000104 2
0.000542 145
0.000518 141
0.000164 2
0.000493 291
0.000985 1156
0.002985 4095
0.000197 3764
0.001048 3354
0.003041 4095
0.000124 2755
0.001373 2048
0.009556 4095
0.000088 4095
0.000248 4095
0.000247 4095
0.000808 4095
0.000505 4095
0.000071 4095
0.000057 4095
0.000054 2562
0.000662 2048
0.000077 302
0.000170 585
0.000451 1909
0.000539 1466
0.001282 2048
0.000086 887
0.000340 147
0.000287 2
0.000208 585
0.000653 2048
0.000042 302
0.000337 1172
0.000461 2048
0.000135 8
0.000297 879
0.000657 1322
0.000237 439
0.000428 735
0.000463 1468
0.022872 4095
0.000237 4095
0.000577 4095
0.000335 4095
0.000507 4095
0.001961 4095
0.000776 4095
0.000365 4095
0.001880 4095
0.000300 4095
0.000435 4095
0.000370 4095
0.000624 4095
0.000195 4095
0.000148 4095
0.002055 4095
0.000322 2993
0.001066 4095
0.000136 1803
0.000496 4095
0.000938 4095
0.000962 4095
0.001782 4095
0.000869 4095
0.000900 4095
0.000950 4095
0.001749 4095
0.002388 4095
0.001827 4095
0.005418 2048
0.000252 4095
0.000636 4095
0.000097 4095
0.032592 4095
0.000160 4095
0.001585 4095
0.000679 4095
0.000826 4095
0.004594 4095
0.000154 4095
0.000093 4095
0.000080 2047
0.003657 2048
0.000227 2048
0.000109 2048
0.000138 2048
0.000117 2048
0.000179 2048
0.000121 2048
0.000137 2048
0.000121 2048
0.000152 2048
0.001419 2048
0.000179 2048
0.000110 2048
0.000132 2048
0.000107 2048
0.000169 2048
0.000110 2048
0.000244 2048
0.000117 2048
0.000139 2048
0.000109 2048
0.000132 2048
0.000257 2048
0.000218 1630
0.000510 2048
0.005326 2048
0.000231 2048
0.000165 1195
0.000316 2048
0.000244 2048
0.000510 2048
0.003851 148
0.000586 2048
0.000060 2048
0.000283 2048
0.000055 2048
0.000095 550
0.000378 2048
0.000232 2048
0.000392 2048
0.037856 4095
0.000127 4095
0.000742 4095
0.000435 4095
0.001114 4095
0.000158 4095
0.000188 4095
0.001269 4095
0.006488 4095
0.000272 4095
0.000278 4095
0.000100 4095
0.000082 958
0.005134 2048
0.000382 2048
0.000366 2048
0.000227 2048
0.000117 2048
0.000133 2048
0.000154 2048
0.000141 2048
0.000124 2048
0.000133 2048
0.000109 2048
0.000134 2048
0.000109 2048
0.000190 2048
0.000117 2048
0.000134 2048
0.000107 2048
0.000150 1355
0.000659 2048
0.000453 2048
0.000109 2048
0.000136 1085
0.000619 2048
0.011225 2048
0.000256 2048
0.000046 826
0.000654 2048
0.002706 2048
0.000107 2048
0.000036 1347
0.000831 2048
0.000347 2048
0.054638 4095
0.000176 4095
0.001913 4095
0.000168 4095
0.005701 4095
0.000141 4095
0.000086 4095
0.000086 2787
0.003947 2048
0.001993 2048
0.000171 2048
0.000115 2048
0.000069 2048
0.000255 2048
0.000140 2048
0.000151 2048
0.000181 2048
0.000109 2048
0.000084 2048
0.000235 2048
0.000490 2048
0.000239 2048
0.000401 2048
0.000133 2048
0.000085 2048
0.000334 2048
0.000089 2048
0.000272 2048
0.000179 2048
0.000092 2048
0.000068 2048
0.000086 2048
0.000065 2048
0.000083 2048
0.000065 2048
0.000082 2048
0.000066 2048
0.000186 2048
0.000116 2048
0.000138 2048
0.000070 2048
0.000130 2048
0.000075 2048
0.000088 2048
0.000083 2048
0.000111 2048
0.000156 2048
0.000155 2048
0.000078 2048
0.000087 2048
0.000072 2048
0.000092 2048
0.000072 2048
0.000089 15
0.000525 2048
0.000202 2048
0.000153 2048
0.000117 2048
0.000144 860
0.000747 2048
0.000088 2048
0.000106 2048
0.000126 889
0.000400 2048
0.000076 2048
0.004650 2048
0.000045 1066
0.000257 2048
0.000830 2048
0.000040 2048
0.000069 1574
0.000291 2048
0.000111 2048
0.000038 2048
0.095534 4095
0.000126 4095
0.000114 4095
0.000076 3426
0.000699 2048
0.000115 2048
0.000142 2048
0.000103 2048
0.000668 2048
0.000117 2048
0.000139 2048
0.000192 2048
0.000260 2048
0.000105 2048
0.000269 2048
0.000109 2048
0.000192 2048
0.000115 2048
0.000131 2048
0.000047 2048
0.000068 2048
0.000077 2048
0.000072 2048
0.000050 2048
0.000131 2048
0.000043 2048
0.000082 2048
0.000073 2048
0.000718 2048
0.000086 2048
0.000148 2048
0.000059 2048
0.000173 2048
0.000138 2048
0.000083 2048
0.000054 2048
0.000080 2048
0.000049 2048
0.000079 2048
0.000051 2048
0.000181 4095
0.000079 4095
0.000221 4095
0.000067 2051
0.000092 2048
0.000077 2048
0.000084 2048
0.000074 2048
0.000104 4095
0.000145 4095
0.000143 4095
0.000195 2051
0.000161 2048
0.000046 2048
0.000282 4095
0.000239 4095
0.000349 4095
0.000159 4095
0.000198 4095
0.000120 4095
0.000173 4095
0.000116 4095
0.006302 4095
0.003844 4095
0.000394 4095
0.000126 4095
0.000112 4095
0.047289 4095
0.000144 4095
0.000103 4095
0.000092 4095
0.000097 4095
0.000088 4095
0.000091 4095
0.000089 4095
0.000209 4095
0.000146 4095
0.000111 4095
0.000106 4095
0.000099 4095
0.000104 4095
0.000101 4095
0.000100 4095
0.000156 4095
0.009711 4095
0.000117 4095
0.000509 4095
0.000341 331
0.000813 2048
0.000123 2048
0.000158 2048
0.000106 2048
0.000426 2048
0.000101 2048
0.000130 2048
0.000099 2048
0.000124 2048
0.000097 2048
0.000293 2048
0.000099 2048
0.000128 2048
0.000102 2048
0.000119 2048
0.000097 2048
0.000121 2048
0.000189 2048
0.000141 2048
0.000107 2048
0.000375 2048
0.000118 2048
0.000142 2048
0.000422 2048
0.000311 2048
0.000105 2048
0.000130 2048
0.000181 2048
0.000270 2048
0.000114 2048
0.000140 2048
0.000202 2048
0.000211 2048
0.000115 2048
0.000225 2048
0.000114 2048
0.000135 1244
0.000782 2048
0.000154 1559
0.000721 2048
0.003210 2048
0.000641 2048
0.002941 2048
0.000119 2048
0.000048 1144
0.000469 2048
0.000048 2048
0.000072 2048
0.000046 581
0.000391 2048
0.000071 2048
0.078494 4095
0.000220 4095
0.000097 4095
0.000086 2655
0.002132 2048
0.000232 2048
0.000550 2048
0.000125 2048
0.000170 2048
0.000383 2048
0.000150 2048
0.000079 2048
0.000226 2048
0.000254 2048
0.000219 2048
0.000550 2048
0.000131 2048
0.000105 2048
0.000254 2048
0.000077 2048
0.000149 2048
0.000082 2048
0.000167 2048
0.000068 2048
0.000086 2048
0.000065 2048
0.000177 2048
0.000340 2048
0.000093 2048
0.000084 2048
0.000092 2048
0.000067 2048
0.000193 2048
0.000066 2048
0.000207 2048
0.000200 2048
0.000208 2048
0.000127 2048
0.000956 2048
0.000166 2048
0.000890 2048
0.000110 2048
0.000183 2048
0.000367 2048
0.000517 2048
0.000367 4095
0.000284 4095
0.000295 4095
0.000124 4095
0.000711 4095
0.000248 4095
0.000282 4095
0.000082 4095
0.000153 4095
0.000130 4095
0.000339 4095
0.000240 4095
0.000213 4095
0.000158 4095
0.000158 4095
0.000099 4095
0.000160 4095
0.000183 4095
0.000144 4095
0.000124 4095
0.000093 4095
0.003617 4095
0.000180 4095
0.000088 4095
0.000090 4095
0.060628 4095
0.000208 4095
0.000122 4095
0.000095 4095
0.000099 4095
0.000096 4095
0.000093 4095
0.000145 4095
0.000204 4095
0.000096 4095
0.000100 4095
0.000095 4095
0.000099 4095
0.000098 4095
0.000097 4095
0.000163 4095
0.000249 4095
0.000141 4095
0.000133 4095
0.000135 4095
0.000134 4095
0.004493 4095
0.000132 4095
0.000074 4095
0.000065 4095
0.000060 3125
0.000368 2048
0.000290 2048
0.000070 2048
0.000088 2048
0.000067 2048
0.000156 2048
0.000065 2048
0.000089 2048
0.000064 2048
0.000301 2048
0.000110 2048
0.000139 2048
0.000096 2048
0.000253 2048
0.000105 2048
0.000289 2048
0.000204 2048
0.000221 2048
0.000107 2048
0.000136 2048
0.000196 2048
0.000130 2048
0.000051 2048
0.000169 2048
0.000059 2048
0.000077 2048
0.000048 2048
0.000105 2048
0.000052 2048
0.000145 2048
0.000112 2048
0.000049 2048
0.000028 2048
0.000067 2048
0.000029 2048
0.000107 2048
0.000047 2048
0.000048 2048
0.000044 2048
0.000043 2048
0.000054 2048
0.000093 2048
0.000046 2048
0.000062 2048
0.000030 2048
0.000057 2048
0.000046 2048
0.000044 2048
0.000135 2048
0.000082 2048
0.000067 2048
0.000088 2048
0.000047 2048
0.000081 2048
0.000126 2048
0.000058 2048
0.000060 2048
0.000141 1412
0.000446 2048
0.000143 2048
0.000085 2048
0.000106 1031
0.000522 2048
0.000095 2048
0.000110 2048
0.000082 1035
0.000480 2048
0.000202 2048
0.000366 2048
0.000192 657
0.000543 2048
0.010115 2048
0.000044 2048
0.000082 1105
0.000361 2048
0.000033 2048
0.000052 1436
0.000336 2048
0.000130 2048
0.000039 2048
0.071109 4095
0.000126 4095
0.001224 4095
0.002699 4095
0.000144 4095
0.000171 4095
0.000064 1187
0.000177 2048
0.000170 2048
0.000091 2048
0.000105 2048
0.000142 2048
0.000214 2048
0.000238 2048
0.000300 2048
0.000158 2048
0.000087 2048
0.000046 2048
0.000212 2048
0.000104 2048
0.000056 2048
0.000099 4095
0.000042 4095
0.000175 4095
0.000046 4095
0.002625 4095
0.000154 4095
0.000117 4095
0.000101 2615
0.003865 2048
0.000238 2048
0.000121 2048
0.000237 2048
0.000139 2048
0.000112 2048
0.000215 2048
0.000109 2048
0.000134 2048
0.000207 2048
0.000136 2048
0.000105 2048
0.000237 2048
0.000119 2048
0.000141 2048
0.000122 2048
0.000239 2048
0.000114 2048
0.000212 2048
0.000121 2048
0.000183 2048
0.000254 2048
0.000295 2048
0.000093 2048
0.000190 2048
0.000098 2048
0.000177 2048
0.005843 2048
0.000239 2048
0.000090 2048
0.000054 2048
0.000118 2048
0.000058 2048
0.000029 2048
0.047054 4095
0.000091 4095
0.000071 4095
0.000062 4095
0.004069 4095
0.000340 4095
0.000277 699
0.000303 2048
0.000111 2048
0.000119 2048
0.000086 2048
0.000312 2048
0.000124 2048
0.000150 2048
0.000303 2048
0.000128 2048
0.000186 2048
0.000618 2048
0.000056 2048
0.000079 2048
0.000050 2048
0.000077 2048
0.000153 2048
0.000200 2048
0.000048 2048
0.000080 2048
0.000152 2048
0.000124 2048
0.000046 2048
0.000067 2048
0.000045 2048
0.000095 2048
0.000169 2048
0.000069 2048
0.000067 2048
0.000099 2048
0.000121 2048
0.000094 2048
0.000067 2048
0.000069 2048
0.000071 2048
0.000170 2048
0.000047 2048
0.000112 2048
0.000070 2048
0.000050 2048
0.000052 2048
0.000047 2048
0.000030 2048
0.000090 2048
0.000048 2048
0.000062 2048
0.000030 2048
0.000137 2048
0.000079 2048
0.000070 2048
0.000044 2048
0.000044 2048
0.000045 2048
0.000045 2048
0.000100 2048
0.000180 2048
0.000054 2048
0.000096 2048
0.000117 2048
0.000074 2048
0.000049 2048
0.000072 2048
0.000129 2048
0.000079 2048
0.000048 2048
0.000180 4095
0.000045 1
0.000142 2048
0.000347 4095
0.000121 2521
0.000259 2048
0.000104 2048
0.000144 1396
0.000300 2048
0.000352 2048
0.000156 2048
0.000220 741
0.000289 2048
0.000158 2048
0.000118 2048
0.000301 2048
0.000074 146
0.000289 2048
0.000187 2048
0.000072 2048
0.000090 2048
0.000213 1013
0.000328 2048
0.000223 2048
0.000072 2048
0.000092 1333
0.000571 2048
0.000254 2048
0.000136 2048
0.000288 2048
0.000081 191
0.000179 2048
0.000095 2048
0.000069 2048
0.000190 1150
0.000367 2048
0.000152 2048
0.000093 2048
0.000069 1424
0.000533 2048
0.000157 2048
0.000144 2048
0.000230 989
0.000556 2048
0.000138 2048
0.000164 2048
0.000240 1368
0.000676 2048
0.000313 2048
0.000170 2048
0.000193 651
0.003117 2048
0.000170 2048
0.000051 2048
0.000086 229
0.000313 2048
0.000050 2048
0.000087 2048
0.000040 1531
0.000418 2048
0.085252 4095
0.003906 4095
0.000771 4095
0.000674 4095
0.002734 4095
0.000522 4095
0.000121 4095
0.000082 4095
0.000066 834
0.000254 2048
0.000152 2048
0.000267 2048
0.000177 2048
0.000125 2048
0.000310 2048
0.000176 2048
0.000308 2048
0.000039 2048
0.000064 2048
0.000034 2048
0.000049 2048
0.000036 2048
0.000224 2048
0.000282 4095
0.000065 4095
0.000131 4095
0.000049 4095
0.000106 4095
0.000090 4095
0.000092 4095
0.000114 4095
0.000121 4095
0.000214 4095
0.000156 4095
0.000295 4095
0.000141 4095
0.000155 4095
0.000198 4095
0.000116 4095
0.000108 4095
0.000098 17
0.000049 639
0.000470 2048
0.000351 2048
0.000117 2048
0.000140 2048
0.000123 1749
0.000609 2048
0.000132 2048
0.000146 2048
0.000111 1363
0.000433 2048
0.000115 2048
0.000153 2048
0.000203 1894
0.000424 2048
0.000229 2048
0.000142 2048
0.000105 2046
0.001197 2048
0.000104 2048
0.000336 2048
0.000120 22
0.000634 2048
0.000279 2048
0.000277 2048
0.000139 2048
0.000265 1491
0.000456 2048
0.006406 2048
0.000068 2048
0.000121 2027
0.000725 2048
0.000084 2048
0.000038 2048
0.000106 1706
0.000248 2048
0.066881 4095
0.000129 4095
0.000978 4095
0.006812 4095
0.000331 4095
0.000084 4095
0.000072 3496
0.003661 2048
0.000161 2048
0.000371 2048
0.000116 2048
0.000178 2048
0.000179 2048
0.000095 2048
0.000109 2048
0.000200 2048
0.000069 2048
0.000086 2048
0.000064 2048
0.000191 2048
0.000095 2048
0.000137 2048
0.000095 2048
0.000134 2048
0.000099 2048
0.000657 2048
0.000154 2048
0.000467 2048
0.000483 2048
0.000262 2048
0.000111 2048
0.000277 2048
0.000116 2048
0.000146 2048
0.000096 2048
0.000135 2048
0.000130 2048
0.000219 2048
0.000230 2048
0.000132 2048
0.000096 2048
0.000126 2048
0.000103 2048
0.000125 2048
0.000110 2048
0.000261 2048
0.000131 2048
0.000266 2048
0.000202 2048
0.000297 2048
0.000201 2048
0.000230 2048
0.000192 2048
0.000273 2048
0.001818 4095
0.000636 4095
0.000833 4095
0.000157 4095
0.000306 4095
0.000123 4095
0.041334 4095
0.000145 4095
0.000108 4095
0.000101 4095
0.000103 4095
0.000098 4095
0.000100 4095
0.000130 4095
0.000081 4095
0.000067 4095
0.000066 4095
0.000066 4095
0.000065 4095
0.000063 4095
0.000065 4095
0.000066 4095
0.000071 4095
0.000095 4095
0.000087 4095
0.000085 4095
0.000380 4095
0.000117 4095
0.000107 4095
0.000103 4095
0.000108 4095
0.000104 4095
0.000173 4095
0.003045 4095
0.003853 4095
0.000445 4095
0.000229 4095
0.000057 3540
0.000178 2048
0.000277 2048
0.000227 2048
0.000203 2048
0.000246 2048
0.000417 2048
0.000047 2048
0.000232 2048
0.000040 2048
0.000112 2048
0.000035 2048
0.000048 2048
0.000108 4095
0.000046 4095
0.000215 4095
0.000239 4095
0.000351 4095
0.000106 4095
0.000093 4095
0.000249 4095
0.000072 4095
0.000060 4095
0.000187 4095
0.000075 4095
0.000061 4095
0.000111 4095
0.000163 4095
0.000067 4095
0.000383 4095
0.000227 4095
0.000137 4095
0.000814 4095
0.000591 4095
0.000211 4095
0.000139 4095
0.000980 4095
0.000273 4095
0.000133 4095
0.000265 4095
0.000161 4095
0.000130 4095
0.000338 4095
0.000229 4095
0.001250 4095
0.001189 4095
0.000428 4095
0.000766 4095
0.000198 4095
0.005364 4095
0.000283 4095
0.000593 4095
0.000567 4095
0.132741 4095
0.000283 4095
0.000417 4095
0.000086 4095
0.000070 4095
0.000063 4095
0.000067 4095
0.000064 4095
0.000069 4095
0.000107 4095
0.000111 4095
0.000099 4095
0.000135 4095
0.000101 4095
0.000196 4095
0.000107 4095
0.000104 4095
0.000143 4095
0.000104 4095
0.000074 4095
0.000144 4095
0.000087 4095
0.000085 4095
0.000171 4095
0.000086 4095
0.000076 4095
0.000078 4095
0.000258 4095
0.000140 4095
0.000127 4095
0.000124 4095
0.000112 4095
0.000126 4095
0.000118 4095
0.000326 4095
0.000103 4095
0.000097 4095
0.000192 4095
0.000106 4095
0.000096 4095
0.000241 4095
0.000108 4095
0.000097 4095
0.000094 4095
0.000096 4095
0.000103 4095
0.000098 4095
0.000311 4095
0.000954 4095
0.000207 4095
0.000106 4095
0.000100 4095
0.000105 4095
0.003629 4095
0.000961 4095
0.000606 4095
0.000142 4095
0.002476 4095
0.000225 4095
0.000171 569
0.000609 3430
0.000834 2
0.000567 150
0.001527 2675
0.000469 2194
0.000551 2143
0.000497 923
0.000808 1184
0.000710 1784
0.000533 1757
0.000462 1802
0.004420 4095
0.000099 2813
0.001404 1346
0.003969 4095
0.000651 4095
0.113905 4095
0.006773 4095
0.000113 4095
0.000283 4095
0.000234 4095
0.000119 4095
0.000191 4095
0.000112 4095
0.000105 4095
0.000132 4095
0.000176 4095
0.000109 4095
0.000100 4095
0.000111 4095
0.000215 4095
0.000129 4095
0.000211 4095
0.000092 4095
0.000078 4095
0.000078 4095
0.000077 4095
0.000142 4095
0.000079 4095
0.000120 4095
0.000158 4095
0.000157 4095
0.000453 4095
0.000152 4095
0.000406 4095
0.000148 4095
0.000144 4095
0.000248 4095
0.000148 4095
0.000375 4095
0.000266 4095
0.000144 4095
0.000126 4095
0.000136 4095
0.000253 4095
0.000112 4095
0.000081 4095
0.000248 4095
0.000111 4095
0.000309 4095
0.000324 4095
0.000133 4095
0.000133 4095
0.000188 4095
0.000060 4095
0.000051 4095
0.000130 4095
0.000313 4095
0.000165 4095
0.000154 4095
0.000127 4095
0.000141 4095
0.000144 4095
0.000543 4095
0.001604 4095
0.000139 4095
0.000135 4095
0.000194 4095
0.000159 4095
0.000171 4095
0.000179 4095
0.000084 4095
0.000077 4095
0.006363 4095
0.147435 4095
0.000536 4095
0.000492 4095
0.000104 4095
0.005071 4095
0.000129 4095
0.000377 4095
0.000105 1418
0.003055 2048
0.000239 2048
0.000108 2048
0.000254 2048
0.000069 2048
0.000039 2048
0.000250 2048
0.016461 4095
0.000198 4095
0.000295 4095
0.000152 4095
0.000101 4095
0.000093 4095
0.000088 4095
0.000088 4095
0.000126 4095
0.000177 4095
0.000090 4095
0.000085 4095
0.000087 4095
0.000091 4095
0.000090 4095
0.000105 4095
0.000109 4095
0.000172 4095
0.000119 4095
0.000116 4095
0.000111 4095
0.000113 4095
0.000121 4095
0.000129 4095
0.000120 4095
0.066071 4095
0.000192 4095
0.000081 4095
0.000071 4095
0.025228 4095
0.000161 4095
0.000406 4095
0.000231 4095
0.000108 4095
0.000099 4095
0.000087 4095
0.000136 4095
0.000107 4095
0.000107 4095
0.000104 4095
0.000110 4095
0.000120 4095
0.000159 4095
0.000141 4095
0.000238 4095
0.000171 4095
0.000210 4095
0.000141 4095
0.000829 4095
0.000115 4095
0.004544 4095
0.000805 4095
0.000610 4095
0.000313 4095
0.001308 4095
0.000266 1050
0.000481 2048
0.000245 2048
0.000336 2048
0.000119 2048
0.000140 2048
0.000293 4095
0.000250 4095
0.000191 4095
0.000414 4095
0.000635 4095
0.000150 4095
0.000094 4095
0.000155 4095
0.000317 4095
0.000187 4095
0.000138 4095
0.000157 4095
0.000144 4095
0.004207 4095
0.000323 4095
0.000254 4095
0.000298 4095
0.002861 4095
0.000276 4095
0.000154 4095
0.000153 4095
0.042176 4095
0.000123 4095
0.000326 4095
0.000175 4095
0.000078 4095
0.000070 4095
0.002487 4095
0.000202 4095
0.000125 4095
0.000118 4095
0.000108 4095
0.000110 4095
0.000224 4095
0.000296 4095
0.000163 4095
0.000117 4095
0.000311 4095
0.001010 4095
0.000196 4095
0.000124 4095
0.000118 4095
0.000113 1882
0.131042 151
0.001081 226
0.000865 2
0.000215 114
0.000306 103
0.000435 2
0.000352 103
0.000385 2
0.000798 1390
0.002327 1239
0.000301 2048
0.000220 1606
0.001295 2048
0.000307 1977
0.000284 875
0.000574 1115
0.000491 622
0.003989 2048
0.000038 2048
0.000213 1835
0.000149 2048
0.000047 2048
0.000026 2048
0.000039 2048
0.004365 4095
0.000107 4095
0.000126 979
0.000515 2975
0.000647 2275
0.000307 875
0.000341 1113
0.000363 472
0.000615 480
0.000560 2048
0.000034 449
0.000399 1639
0.000553 1469
0.000878 2048
0.000151 1813
0.000228 604
0.000428 1367
0.000345 447
0.000276 159
0.000636 1932
0.001270 2048
0.000081 2048
0.000080 633
0.000069 1202
0.000494 1379
0.000460 1351
0.001034 1028
0.001011 2800
0.000500 1050
0.026312 4095
0.000132 4095
0.000254 4095
0.000100 4095
0.000074 4095
0.000075 4095
0.000232 4095
0.000080 4095
0.000972 4095
0.000157 4095
0.000138 4095
0.000606 4095
0.000078 4095
0.000069 4095
0.000271 3403
0.000231 877
0.000528 1923
0.000533 1463
0.000607 1127
0.000997 1575
0.000931 440
0.000896 2048
0.000118 47
0.001624 2048
0.000155 1038
0.000891 145
0.001843 4095
0.003691 576
0.000594 445
0.001385 3853
0.000762 1701
0.000714 1201
0.000741 1681
0.005527 3767
0.000428 2048
0.000207 2048
0.000045 2048
0.000147 791
0.000468 2048
0.000075 2048
0.000038 1578
0.000096 532
0.038966 4095
0.000224 4095
0.000153 4095
0.000127 4095
0.000337 4095
0.000081 4095
0.000073 4095
0.000069 4095
0.000065 4095
0.000121 4095
0.000067 4095
0.000066 4095
0.000064 4095
0.000066 4095
0.000065 4095
0.000138 4095
0.000064 4095
0.000068 4095
0.000064 4095
0.000065 4095
0.000745 4095
0.000093 4095
0.000101 4095
0.000166 4095
0.000127 4095
0.000100 4095
0.000325 4095
0.000207 4095
0.000180 3347
0.000635 1816
0.000400 297
0.003310 2048
0.000103 2047
0.000310 2048
0.000088 2048
0.000046 2048
0.000067 768
0.000572 2048
0.000213 1999
0.000435 309
0.001467 615
0.003642 2000
0.001733 2048
0.000219 2047
0.000234 1822
0.001025 2048
0.000197 2047
0.000256 611
0.000230 1225
0.000431 1225
0.000528 350
0.000574 175
0.003024 2048
0.000107 2048
0.000402 813
0.000458 983
0.001150 797
0.001435 2113
0.001477 4095
0.000312 2138
0.004466 2399
0.061945 4095
0.000133 4095
0.000085 4095
0.000069 4095
0.000067 4095
0.000071 4095
0.000065 4095
0.000064 4095
0.000065 4095
0.000057 4095
0.000061 4095
0.000102 4095
0.000068 4095
0.000061 4095
0.000061 4095
0.000231 4095
0.000059 4095
0.000127 4095
0.000052 1687
3.428864 1
0.184420 1
0.454260 1
0.161964 1
1.517465 1
0.159061 1
0.801202 4
1.596104 4
0.157257 12
0.534584 31
0.787545 1
0.502374 1
0.032155 1
0.029755 1
0.030137 1
0.031612 1
0.032724 1
0.031063 1
0.029870 1
0.032157 1
0.031784 1
0.031779 1
0.033580 1
0.030208 1
0.033415 1
0.030720 1
0.034353 1
0.029154 1
0.039659 1
0.030879 1
0.034512 1
0.028489 1
0.030249 1
0.029655 1
0.046257 1
0.044118 1
0.044856 1
0.031292 1
0.032048 1
0.029817 1
0.031120 1
0.030517 1
0.031614 1
0.031068 1
0.197943 1
0.385752 5
0.203434 5
0.162186 5
0.174978 5
0.299940 1
0.685459 3
0.190748 3
0.186867 3
0.175033 3
0.184194 3
0.171603 3
0.169123 3
0.740758 2
0.977038 72
5.888466 35
0.336903 1
0.498870 1
0.033859 1
0.029771 1
0.031367 1
0.030691 1
0.031182 1
0.030698 1
0.316354 3
0.368440 1
0.850729 3
0.502076 3
0.031898 3
0.029036 3
0.031435 3
0.032026 3
0.032001 3
0.030831 3
0.032176 1
0.032085 1
0.030793 1
0.030963 1
0.029889 1
0.412278 4
0.500792 4
0.031389 4
0.030735 4
0.031352 4
0.032540 4
0.030653 4
0.031628 4
0.031033 4
0.031022 4
0.032072 4
0.032456 4
0.032655 4
0.031689 4
0.034252 4
0.029748 4
0.031274 4
0.032307 4
0.030696 4
0.031836 4
0.031864 4
0.033094 4
0.032890 4
0.029244 4
0.033258 4
0.031511 4
0.031864 4
0.033462 4
0.031501 4
0.033810 4
0.031376 4
0.033073 4
0.033499 4
0.030708 4
0.030975 4
0.031133 1
0.030775 1
0.032223 1
0.031490 1
0.033569 1
0.033721 1
0.031853 1
0.030382 1
0.031109 1
0.031018 1
1.070020 1
0.578461 1
1.717210 1
1.639556 1
0.394653 2
1.909967 1
1.213080 1
0.242403 1
0.214248 1
0.467437 16
2.928569 1
0.719854 8
3.419579 1
0.410561 1
0.107721 1
0.217205 1
0.198200 1
0.401752 16
2.446311 1
0.137518 8
1.419616 1
1.509005 1
0.165132 240
0.258122 1
0.203228 1
0.187216 1
0.175141 1
0.185488 1
0.271330 1
0.295719 242
0.203655 231
0.235923 224
0.224393 5
1.654953 2
0.255611 2
0.000068 52
0.000223 2
0.000217 21
0.000257 2
0.000464 2
0.014819 72
2.951588 57
0.584271 1
0.503334 1
0.030448 1
0.030383 1
0.032635 1
0.032958 1
0.032615 1
0.030196 1
0.033288 1
0.032646 1
0.030579 1
0.032148 1
0.030244 1
0.034623 1
0.030930 1
0.032853 1
0.033015 1
0.033047 1
0.032649 1
0.033441 1
0.032523 1
0.032796 1
0.033133 1
0.032040 1
0.030721 1
0.033135 1
0.029940 1
0.032778 1
0.032672 1
0.033604 1
0.032164 1
0.031573 1
0.031282 1
0.036298 1
0.029659 1
0.035319 1
0.030400 1
0.035276 1
0.030506 1
0.033274 1
0.032718 1
0.030266 1
0.032329 1
0.030181 1
0.032882 1
0.032702 1
0.033051 1
0.032898 1
0.032806 1
0.033109 1
0.032999 1
0.032726 1
0.029577 1
0.033494 1
0.245189 1
0.188884 1
1.489041 5
0.119606 145
1.202380 145
1.302519 3
0.164380 139
0.494475 147
0.094579 150
1.095765 5
0.189252 2
0.000196 56
0.000062 2
0.000645 25
0.000344 2
0.022413 72
27.838839 61
0.547165 1
0.510034 1
0.124978 372
0.510846 1
0.509599 1
0.030854 1
0.030922 1
0.031774 1
0.031106 1
0.033996 1
0.043872 1
0.030480 1
0.031434 1
0.031123 1
0.044367 1
0.032581 1
0.031169 1
0.030652 1
0.032016 1
0.043435 1
0.031967 1
0.044426 1
0.032044 1
0.031176 1
0.034164 1
0.025985 1
0.031036 1
0.030778 1
0.030631 1
0.032288 1
0.031584 1
0.031277 1
0.030691 1
0.030801 1
0.030875 1
0.036132 1
0.030487 1
0.033137 1
0.031366 1
0.032122 1
0.031848 1
0.030973 1
0.031835 1
0.032728 1
0.029045 1
0.033018 1
0.030754 1
0.033102 1
0.030556 1
0.031057 1
0.029773 1
0.030174 1
0.030529 1
0.030082 1
0.033013 1
0.031792 1
0.031723 1
0.033305 1
0.727595 5
0.166040 5
2.031215 5
1.527220 5
1.120133 2
0.018847 72
2.980641 1
0.130115 1
0.142342 561
0.001658 72
122.248368 1
0.214352 1
0.231551 1
1.441207 1
0.312284 1
0.285623 1
0.890874 2
0.007304 103
9.498728 30
0.459205 71
0.834959 44
0.461847 71
0.197795 45
0.202132 38
0.218519 43
0.210832 38
0.193111 21
0.192086 50
0.501509 59
0.031046 10
0.439781 6
0.726381 10
0.186193 18
0.205201 21
0.360140 14
0.298458 55
0.356601 57
0.558822 16
0.512034 19
0.046475 11
0.031377 17
0.031131 12
0.437631 19
0.372885 19
0.234427 51
0.249058 28
0.436809 6
0.201190 7
0.513353 11
0.232710 11
0.264070 14
0.419701 16
0.297593 34
0.215639 56
0.704145 1
0.217081 1
0.254054 1
0.216540 1
0.268216 4
0.514113 12
0.031154 14
0.032467 15
0.030028 7
0.031044 11
0.030983 3
0.032247 23
0.028780 51
0.030908 23
0.030321 23
0.030259 12
0.030877 13
0.030894 14
0.031265 16
0.032089 19
0.031260 23
0.031434 90
0.044853 17
0.031686 18
0.031704 21
0.033244 6
0.031145 50
0.030073 59
0.031019 18
0.031602 38
0.044838 43
0.030509 38
0.032197 45
0.030501 44
0.031846 1
0.045284 1
0.031145 1
0.030482 1
0.032269 1
0.043520 1
0.044832 1
0.032199 1
0.029542 1
0.033351 1
0.044561 1
0.030913 1
0.045840 1
0.030720 1
0.031021 1
0.031180 1
0.045617 1
4.769021 1
0.918854 71
0.230506 45
0.704122 38
80.369641 4
0.289539 4
0.499555 4
0.030857 4
0.030875 4
0.031296 4
0.030635 4
0.029864 4
0.032904 4
0.030877 4
0.031831 4
0.031242 4
0.033930 4
0.032335 1
0.030468 1
0.031645 1
1.135140 1
0.166696 1
0.413263 1
0.202668 1
0.532834 8
