0.123984 73
272.780316 1
0.064247 1
0.332072 2
0.013888 63
2.589857 1
0.074271 1
0.225660 1
0.142514 1
0.093616 1
1.173959 3
0.489354 75
1.158228 1
0.088304 1
0.107904 2
0.006043 59
0.000122 2
0.000099 75
0.000057 2
0.000063 59
0.000054 2
0.000061 36
0.000053 2
0.000457 73
5.700856 1
0.162804 1
0.221065 1
0.600862 1
0.182720 1
0.545637 1
1.023855 1
0.250762 1
0.146095 1
0.212035 1
4.192973 1
3.116774 1
0.293379 1
0.285344 1
1.427817 1
0.491210 1
0.147784 1
0.147792 1
0.183737 1
0.193079 1
4.637474 2
0.004402 9
0.000099 2
0.000094 16
0.000055 2
0.000055 16
0.000052 2
0.000056 10
0.000051 2
0.000058 18
0.000052 2
0.000054 18
0.000093 2
0.000067 5
0.000053 2
0.000056 18
0.000051 2
0.000058 19
0.000051 2
0.000055 19
0.000050 2
0.000068 16
0.000409 73
39.354021 20
0.418785 1
0.505068 1
0.030738 1
0.030331 1
0.031164 1
0.031046 1
0.030774 1
0.045795 1
0.030381 1
1.962186 1
0.215076 1
0.183611 1
0.210135 1
0.284440 1
0.212775 1
0.222949 1
2.378754 5
0.123396 5
0.359884 5
0.336961 2
0.002055 16
0.000073 2
0.000062 18
0.000053 2
0.000058 19
0.000052 2
0.000388 73
2.289716 23
2.026369 1
0.574765 1
0.503184 1
0.030990 1
0.032401 1
0.031115 1
0.031012 1
0.032289 1
0.032296 1
1.250218 5
0.227948 5
0.175933 5
0.162791 5
0.167700 5
0.407075 5
0.194853 5
1.424804 5
0.126413 5
2.668065 2
0.002412 16
0.000107 2
0.000081 10
0.000054 2
0.000057 18
0.000051 2
0.000056 5
0.000051 2
0.000403 73
14.630017 1
0.305386 1
0.333643 1
0.156707 1
0.384872 1
0.196876 1
0.380738 1
0.080425 1
0.346721 1
0.243171 1
0.186835 1
0.314482 1
0.296348 1
2.688220 2
0.009298 73
2.610880 1
0.121255 1
0.184058 1
0.763686 1
0.292141 7
0.930940 2
0.022031 8
0.000107 32
0.003354 66
0.000225 22
0.001643 1923
22.078533 1
2.987393 38
0.670902 13
1.193623 13
0.278262 1
3.104594 13
2.353446 13
0.124561 13
1.368648 27
2.126961 1
2.177333 13
0.935390 13
1.489158 35
1.137337 38
1.036933 1
0.283461 1
0.089337 1
0.540560 29
0.165813 29
0.158692 1
0.347556 24
0.001584 72
0.000302 73
1.770748 1
0.984611 1
0.144785 1
0.224980 1
0.257236 1
0.286123 6
0.480829 2
0.003146 8
0.000086 32
0.002388 66
0.000148 22
0.000192 1758
1.133041 2
0.264276 2
0.485260 1
1.659956 1
1.453989 1
3.688495 1
0.062157 41
0.473354 1
0.081294 1
0.570470 24
0.001031 145
61.769824 1
0.153532 1
0.237192 1
0.360805 1
0.706250 1
0.156796 1
0.375864 1
0.683293 4
0.177715 4
0.174902 4
0.595699 1
0.316677 7
0.476668 2
0.003314 5
0.000464 73
7.059315 1
0.175738 1
0.215105 1
0.621993 1
0.140476 1
0.520595 1
0.772769 1
1.001814 1
0.164734 1
0.102409 1
0.687303 1
0.202923 7
1.307317 1
0.190223 5
0.520534 2
0.002039 16
0.000079 2
0.000066 10
0.000060 2
0.000063 18
0.000058 2
0.000064 5
0.000058 2
0.000424 73
304.101893 1
0.206785 1
0.261326 1
1.431825 1
0.182695 1
0.142831 1
0.116464 1
1.447889 1
0.307474 1
0.095990 6
1.327680 1
0.244150 1
0.163880 1
0.198735 1
0.136856 1
1.008160 2
0.002395 9
0.000076 2
0.000063 17
0.000053 2
0.000057 16
0.000052 2
0.000054 17
0.000052 2
0.000081 10
0.000052 2
0.000055 17
0.000051 2
0.000056 18
0.000052 2
0.000054 17
0.000051 2
0.000056 5
0.000051 2
0.000054 17
0.000051 2
0.000055 18
0.000052 2
0.000054 17
0.000051 2
0.000056 19
0.000051 2
0.000077 17
0.000052 2
0.000059 16
0.000052 2
0.000054 17
0.000051 2
0.000394 73
135.891952 20
0.178675 34
0.148746 88
0.150832 45
0.316953 24
0.149600 33
0.152208 49
0.170217 71
0.158446 25
0.171283 10
0.154032 9
0.438213 6
0.157071 34
0.175441 106
0.519849 101
1.979659 2
0.124612 39
1.969844 2
0.979687 493
0.094632 72
10.949695 6
0.184863 21
0.681300 25
0.168049 9
0.953188 1
0.055140 1
0.897365 1
0.868020 1
3.665646 4
0.193722 4
0.189990 4
0.171698 1
47.987430 6
0.230049 21
0.218070 70
0.217853 120
0.400505 92
0.506461 110
0.030724 79
0.031629 52
0.738907 79
0.499898 41
0.033413 110
0.030588 90
0.031429 127
0.033552 82
0.030789 25
0.030539 9
0.031098 1
0.032271 1
0.031261 1
0.033598 1
0.030042 1
0.032531 1
0.033561 1
0.033304 1
0.033683 1
24.178091 1
0.205693 1
0.826991 1
0.138540 1
1.582744 1
0.223944 1
1.250946 1
0.443110 1
0.147678 1
0.087398 1
0.332590 1
1.269143 1
0.389786 1
0.211942 1
1.947309 1
0.469243 1
0.247085 1
0.260264 1
0.440167 1
0.236018 1
0.141682 1
0.863286 4
0.098251 1
0.235182 1
2.256849 1
98.630996 4
0.882748 1
46.265427 1
29.931901 1
1.933043 1
0.976535 1
0.243302 1
0.158678 1
1.418725 1
0.378896 1
0.189660 1
0.873393 1
1.304174 1
0.409275 1
0.215643 1
0.161808 1
0.170616 1
0.190271 1
0.169285 1
0.181046 1
0.165782 1
0.194110 1
0.300453 23
0.337830 3
0.501658 3
0.031171 3
0.030175 3
0.031106 3
0.033841 3
0.031073 3
0.032949 3
0.033132 3
0.030739 1
0.031981 1
0.032437 1
0.032958 1
0.032894 1
0.030906 1
0.427577 1
2.495884 1
0.242429 1
0.667546 1
0.320429 1
0.340933 1
0.327175 1
14.012730 1
0.533641 1
3.846200 1
0.192764 1
0.119644 1
3.968647 1
13.072568 1
1.239855 1
0.121275 1
0.299449 1
0.190981 1
0.143389 1
0.240321 1
0.159906 1
0.207743 1
0.620229 1
0.115396 1
4.791043 1
0.344138 1
0.500720 1
0.031742 1
0.030497 1
0.031310 1
0.030237 1
0.030888 1
0.033981 1
0.191506 1
0.199717 1
0.175449 1
1.082515 25
0.621886 23
0.785777 23
0.145540 23
0.722746 1
0.217677 1
0.624039 229
0.170472 3
0.502480 3
0.031970 3
0.030058 3
0.032222 3
0.030606 3
0.030771 3
0.030872 3
0.029810 3
0.032766 3
0.031181 3
0.029425 3
0.032240 3
0.031710 1
0.029897 1
0.033367 1
0.030955 1
0.030151 1
0.030894 1
0.031823 1
0.030289 1
0.030926 1
0.032755 1
0.032117 1
0.032578 1
0.032319 1
0.032749 1
15.042133 246
0.100648 1
0.000172 31
2.086363 2
0.162445 80
0.005287 82
0.007003 72
1.470433 61
0.609018 240
0.502794 1
0.031007 1
0.030163 1
0.030433 1
0.030136 1
0.030697 1
0.030359 1
0.032620 1
0.029849 1
0.033845 1
0.031407 1
0.030281 1
0.032807 1
0.030338 1
0.034402 1
0.032749 1
0.692789 217
0.182747 39
0.168972 39
0.179752 39
0.180788 39
0.829961 35
5.425843 39
0.747603 35
0.107502 35
0.317397 35
0.221157 35
0.143403 221
0.264413 223
0.102809 226
0.552212 5
0.089512 32
1.916228 2
0.148725 80
0.001557 82
0.003401 72
1.196778 61
0.384864 1
0.500733 1
0.033833 240
0.030904 1
0.033819 1
0.034146 1
0.030700 1
0.032629 1
0.032935 1
0.030354 1
0.032134 1
0.031088 1
0.034266 1
0.032773 1
0.176889 1
0.171043 1
0.186489 1
0.190722 1
0.421809 3
0.201233 226
0.192907 215
0.180987 217
0.169649 39
0.157751 39
0.176959 39
0.169815 39
5.032943 35
0.478126 35
0.159763 35
0.213148 35
0.133380 221
0.186998 223
0.115520 226
0.523971 5
0.086695 1
0.000135 31
1.379764 2
0.114570 80
0.001479 82
0.003572 72
0.416879 61
0.245192 201
0.900310 1
0.500594 1
0.033445 240
0.032623 1
0.030563 1
0.032788 1
0.033045 1
0.032069 1
0.030722 1
0.033645 1
0.033271 1
0.032697 1
0.032675 1
0.032345 1
0.033347 1
0.032868 1
0.291132 1
0.246193 226
0.175909 215
0.165797 217
0.158696 39
0.160725 39
0.173917 39
0.433114 39
7.525721 35
0.224115 35
0.727450 35
0.279138 35
0.128609 221
1.428914 217
0.157661 39
0.117178 35
0.099074 221
0.378621 223
2.636921 5
0.086874 1
0.000137 31
1.350254 2
0.146540 80
0.001466 82
0.003399 72
3.035922 1
0.112622 1
0.302336 1
1.625729 4
0.206093 4
0.154476 4
0.173878 1
25.322882 76
5.931834 11
0.869035 41
0.000068 2
0.000365 2
0.000060 54
0.000168 2
0.000230 2
0.000289 32
0.000239 2
0.000231 2
0.012172 72
0.000264 16
0.000250 2
0.162885 2
0.000313 40
0.000505 48
0.000487 43
0.000349 2
0.000234 2
0.000254 32
0.000165 2
0.000247 2
0.012664 82
0.000143 2
0.127944 40
0.000486 45
0.000407 48
0.000343 2
0.000284 34
0.000234 2
0.000210 2
0.012304 72
0.000284 18
0.000141 2
0.134512 25
0.012332 77
0.000198 2
0.141086 26
0.012054 72
0.000553 20
0.123365 25
0.011658 72
0.000415 19
0.000139 2
0.127019 25
0.011646 88
13.874137 4
0.502951 4
0.031158 4
0.030903 4
0.030415 4
0.032326 4
0.030436 4
0.031007 4
0.031197 4
0.033737 4
0.033111 4
0.030313 4
0.032191 4
0.030112 4
0.034124 4
0.032029 4
0.030571 1
0.030298 1
0.033071 1
0.032872 1
0.030963 1
0.033649 1
4.339744 1
0.224789 1
0.175809 1
1.275225 1
0.180827 1
0.171062 1
0.201598 1
5.289129 4
0.171122 4
0.772488 1
0.141538 1
1.302455 1
0.088244 1
0.086425 1
1.566621 1
0.127960 1
0.749961 1
0.303576 1
0.191763 1
0.157853 1
0.227008 1
0.178862 1
1.606770 1
0.657881 1
0.174901 1
0.148034 1
0.216677 1
0.193040 1
0.476012 18
0.000198 2
0.000199 10
0.000200 2
0.000225 18
0.000168 2
0.000300 5
0.000310 2
0.000761 72
13.240958 1
0.253865 1
0.192044 1
0.426959 1
1.130432 1
0.161901 1
0.114535 1
0.838860 1
0.143776 1
0.150910 1
0.109444 1
0.175854 1
0.300167 1
0.080391 1
1.058062 4
0.104283 1
1.291711 1
0.582360 1
0.179798 1
0.144912 1
0.158659 1
0.133574 1
0.221649 13
0.000921 54
0.000177 2
0.000238 29
0.000207 20
0.000628 163
0.000472 72
6.352074 1
0.212472 1
0.221550 1
2.252848 1
1.988363 1
0.115468 1
0.617249 1
0.243888 1
0.300390 1
0.198036 1
0.376759 1
0.212906 1
0.207130 1
0.828152 1
0.188375 1
0.144353 1
0.147054 1
0.139458 1
0.430494 15
0.189872 11
0.161044 3
0.502750 3
0.030411 3
0.032946 3
0.032632 3
1.198591 1
0.367630 1
0.250592 1
0.137306 1
0.164875 1
0.060791 1
0.305091 163
0.000345 72
2.546425 1
0.218028 1
0.159775 1
1.810898 1
0.157500 1
0.770818 1
1.824589 1
0.329442 1
0.807771 1
0.204049 1
0.776809 1
0.156650 1
0.151897 1
0.181839 1
1.135162 1
0.416241 1
0.232806 1
0.338753 1
0.133584 1
0.274336 1
2.348262 1
0.586698 1
0.128607 1
1.351409 1
1.138435 1
0.387349 1
0.159145 1
0.130811 1
0.168791 1
0.136790 1
1.149396 2
0.001052 19
0.000206 19
0.000217 2
0.000208 20
0.000204 2
0.000737 72
62.734663 1
0.208067 1
0.528226 1
0.326754 1
1.608479 4
0.341605 1
0.291504 1
0.174763 1
0.395409 2
0.005271 38
0.000033 2
0.003030 73
1.167003 1
0.271318 1
0.277282 1
0.213849 1
0.242910 8
