0.076184 63
355.257132 1
0.158588 1
0.224520 1
0.530360 4
0.527224 1
0.126694 1
1.584999 8
0.780170 8
1.762412 1
0.344521 8
1.626854 4
7.446548 1
0.171096 1
0.433169 1
1.120227 1
0.999610 1
1.157597 1
0.155548 1
0.123497 1
0.301429 1
0.702532 1
0.807699 1
0.098512 1
0.595790 1
0.291289 1
0.226236 1
0.433021 1
0.325511 1
0.322535 1
0.214429 1
0.945255 1
1.638630 1
6.678721 1
0.621137 4
2.504144 1
1.833425 1
0.150830 1
0.242875 1
0.163147 1
0.394459 1
2.512461 1
15.149746 1
0.227021 1
0.766719 1
0.384926 1
0.130237 1
0.824345 1
0.536271 1
0.635320 1
0.545272 1
5.603789 1
0.212452 1
0.217562 1
0.341579 1
0.187992 1
0.194066 1
0.542183 1
0.314304 1
0.109060 1
0.092207 1
0.256428 1
1.439677 1
0.232091 1
0.781861 1
6.495188 1
2.902734 4
4.068135 1
0.445990 1
0.258254 3
1.437464 246
0.056831 39
2.273017 2
1.078910 62
0.002709 63
8.152487 65
1.256168 240
0.500449 1
0.031846 1
0.030887 1
0.031999 1
0.029637 1
0.031065 1
0.030183 1
0.030665 1
0.031973 1
0.030885 1
0.030820 1
0.030028 1
0.030863 1
0.030886 1
0.030073 1
0.030797 1
0.031017 1
0.030955 1
0.031272 1
0.030874 1
0.031086 1
0.030674 1
0.031731 1
0.031230 1
0.031606 1
0.031821 1
0.032736 1
0.031598 1
0.031152 1
0.034177 1
0.032883 1
0.031032 1
0.029873 1
71.800037 1
0.506980 1
0.032020 1
0.032614 1
0.030133 1
0.031057 1
0.079902 3
0.513491 3
0.030927 3
0.030944 3
0.032725 3
0.043377 3
0.031488 3
0.032075 3
0.032113 3
0.030521 3
0.031022 3
0.030484 3
0.283576 3
0.235338 3
0.505238 3
0.030795 3
0.047687 3
0.029889 3
0.036512 3
0.028220 3
0.044978 3
0.030949 3
0.234855 3
0.186346 3
0.188441 3
0.188475 3
0.174332 3
0.514881 3
0.031137 3
0.031070 3
0.031706 3
0.031857 3
0.032136 3
0.031301 3
0.267880 3
0.201536 3
0.186859 3
0.570839 1
0.249772 3
1.897074 1
0.544503 3
0.639862 3
0.314531 3
0.238208 3
0.244600 1
0.292278 240
0.501904 1
0.031787 1
0.033920 1
0.031818 1
0.031916 1
0.314346 3
0.500635 3
0.035455 3
0.029184 3
0.032009 3
0.031875 3
0.033074 1
0.030869 1
0.033041 1
0.033931 1
0.032751 1
0.030914 1
0.032227 1
0.032612 1
0.031023 1
0.031802 1
0.032072 1
0.030893 1
0.033187 1
0.032632 1
2.347500 240
0.706894 3
0.844237 240
0.309115 1
0.221661 1
47.465251 3
0.060726 39
2.259114 2
0.878614 62
0.002035 63
2.342557 1
0.596460 65
1.324021 240
0.500617 1
0.032216 1
0.032114 1
0.029817 1
0.032584 1
0.029146 1
0.031503 1
0.030515 1
0.031862 1
0.031818 1
0.031888 1
0.031798 1
0.030057 1
0.030693 1
0.031021 1
0.031122 1
0.032023 1
0.031934 1
0.031807 1
0.031170 1
0.032691 1
0.032725 1
0.031021 1
0.034380 1
0.029697 1
0.030769 1
0.030972 1
0.030025 1
0.031859 1
0.324502 1
0.217920 1
28.338458 131
1.074198 4
0.169172 4
0.181396 4
0.179660 4
0.126573 1
0.824009 1
0.130546 1
0.478597 1
0.343677 75
1.629813 3
0.214787 68
0.770144 240
0.593480 1
0.182846 1
1.132319 256
0.466166 257
0.251255 5
0.222900 8
0.176888 7
1.057948 2
0.081690 39
1.962295 2
0.914320 62
0.005125 63
22.316011 68
0.437364 1
0.513184 1
0.031324 1
0.031175 1
0.030744 1
0.044439 240
0.031271 1
0.030481 1
0.031982 1
0.031708 1
0.031113 1
0.030734 1
0.032090 1
0.032323 1
0.031429 1
0.031100 1
0.030250 1
0.030722 1
0.029509 1
0.045152 1
0.032068 1
0.030528 1
0.031452 1
0.032473 1
0.030870 1
0.031498 1
0.030456 1
0.029881 1
0.154556 1
0.170610 1
0.171630 1
1.056665 213
0.210923 216
0.261290 219
0.139655 222
0.160756 225
0.238128 228
0.199289 225
0.201917 227
0.437085 229
1.133605 1
0.185397 229
0.149783 231
1.212171 5
0.065673 39
1.419106 2
0.833279 80
0.003012 82
0.003719 63
55.215363 1
0.174237 1
0.417883 1
0.198844 1
3.052488 8
