0.071463 72
126.313489 1
0.505915 1
0.271257 1
0.245942 1
0.509675 2
0.004198 77
0.000115 2
0.000063 23
0.000060 2
0.000405 72
9.162541 1
0.284793 1
0.422550 1
0.227557 1
0.330874 1
2.676632 1
0.664404 1
0.308281 1276
0.000355 72
6.855352 1
0.334764 1
0.214729 1
0.262328 1
0.397615 1
0.863442 1
0.113447 1
0.185786 1
0.864645 1
0.822658 8
46.738676 4
0.559823 4
0.502098 4
0.034333 4
0.032195 4
0.028744 4
0.039237 4
0.025713 4
0.028344 4
0.030218 4
0.030546 4
0.030848 4
0.031631 4
0.031230 4
0.031787 4
0.032673 4
0.030890 1
0.030890 1
0.031642 1
0.031968 1
3.819770 1
0.181184 1
0.672784 1
0.155954 1
0.122789 1
0.463294 1
4.392042 1
0.203647 1
0.207822 1
0.901615 1
0.080274 1
0.256413 1
0.303281 1
0.465562 1
2.342450 2
0.025446 72
2.045859 1
0.095755 1
0.406568 1
0.615748 1
0.209893 8
0.647109 92
4.280649 1
0.248225 1
0.306575 1
0.497535 4
0.186378 4
0.180534 4
2.009197 1
0.197578 1
0.250101 1
0.171909 1
0.320540 1
0.159303 1
4.555303 1
0.229765 1
0.308608 1
0.389555 1
0.194346 1
0.170748 1
0.255716 1
1.016435 4
0.267228 1
0.648313 1
0.168811 1
0.157524 1
0.462013 2
0.001399 90
1.816424 1
0.085194 1
0.125797 2
0.000261 10
0.000066 2
0.000448 90
1.386410 2
0.498969 18
2.366307 4
0.498135 4
0.032307 4
0.029634 4
0.032775 4
0.030803 4
0.028388 4
0.030829 4
0.033106 4
0.029057 4
0.029906 4
0.029703 4
0.033644 4
0.033970 4
0.033273 4
0.030366 4
0.036413 1
0.046749 1
0.026719 1
0.029112 1
0.036662 1
0.025928 1
0.033887 1
0.911438 1
0.151092 1
1.165265 1
0.432278 1
0.212153 10
0.453075 2
0.007025 39
0.001077 69
0.000252 22
0.000450 1975
0.000856 356
0.940285 1
0.009105 14
0.148608 16
0.155963 13
0.008025 13
0.097741 13
0.149633 13
0.024472 13
0.093559 13
0.134358 13
0.038467 13
0.066256 13
0.147089 13
0.012073 13
0.095261 13
0.132639 13
0.080403 13
0.051019 13
0.138362 13
0.044306 13
0.085201 13
0.116934 13
0.031667 13
0.098441 13
0.758656 16
1.748098 38
1.247324 1
0.204042 1
2.013180 27
0.001614 78
0.000385 90
18.432470 1
0.539412 1
0.194817 1
0.229151 1
0.191739 1
0.743765 1
0.254441 10
3.410295 2
0.001112 90
2.215314 1
0.110482 1
0.181137 2
0.001761 29
0.000543 2
0.000932 90
18.554284 2
0.440182 18
1.370813 4
0.499215 4
0.033093 4
0.031123 4
0.034295 4
0.029538 4
0.027086 4
0.029995 4
0.033454 4
0.029509 4
0.037994 4
0.029630 4
0.039821 4
0.021825 4
0.032558 4
0.031403 4
0.031747 1
0.040251 1
0.027807 1
0.031421 1
0.030124 1
0.031962 1
0.030507 1
0.030534 1
0.031697 1
0.030608 1
0.030622 1
0.032171 1
0.029401 1
210.088251 1
0.139204 1
0.298291 1
0.482127 119
319.623528 1
0.197195 1
0.772147 1
0.133095 1
0.131308 1
1.189088 1
4.594777 1
0.310517 1
0.078854 1
0.274246 1
1.781714 1
1.985467 2
0.001097 90
1.937894 1
0.049531 1
0.449037 1
0.093796 6
0.678991 104
10.918786 1
0.101575 1
0.431688 74
48.707009 1
0.128237 1
0.148154 1
0.608163 2
0.003243 5
0.000205 76
0.000077 2
0.000150 55
0.000068 2
0.000894 72
2.814262 1
0.150526 1
0.208317 1
0.777665 1
0.657984 1
0.144265 1
1.047479 1
0.225843 1
0.274610 1
0.181702 1
0.502295 4095
0.000852 4095
0.000134 4095
0.000076 2378
0.000798 2
0.000053 28
0.000023 2
0.000020 46
0.000020 2
0.000019 76
0.000020 2
0.000019 64
0.000021 2
0.000050 34
0.000021 2
0.000020 71
0.000019 2
0.000019 51
0.000019 2
0.000020 76
0.000019 2
0.000019 76
0.000018 2
0.000020 75
0.000020 2
0.000024 78
0.000021 2
0.000036 76
0.000077 2
0.000052 65
0.000026 2
0.000019 65
0.000019 2
0.000019 59
0.000020 2
0.000019 44
0.000019 2
0.000019 35
0.000019 2
0.000019 66
0.000019 2
0.000018 2
0.000020 23
0.000018 2
0.000021 2
0.000028 71
0.000020 2
0.000042 64
0.000022 2
0.000019 2
0.000019 15
0.000019 2
0.000019 2
0.000019 48
0.000019 2
0.000019 76
0.000019 2
0.000019 55
0.000019 2
0.000019 50
0.000019 2
0.000019 2
0.000019 78
0.000019 2
0.000019 36
0.000019 2
0.000020 2
0.000064 75
0.000023 2
0.000019 76
0.000074 2
0.000040 2
0.000033 36
0.000033 2
0.000033 39
0.000031 2
0.000040 70
0.000047 2
0.000074 44
0.000041 2
0.000031 2
0.000039 51
0.000027 2
0.000025 2
0.000034 9
0.000020 2
0.000017 7
0.000030 2
0.000029 14
0.000018 2
0.000017 14
0.000017 2
0.000018 21
0.000018 2
0.000017 3
0.000017 2
0.000017 9
0.000017 2
0.000017 8
0.000355 2
0.000021 8
0.000019 2
0.000020 9
0.000018 2
0.000019 2
0.000020 23
0.000019 2
0.000019 72
0.000019 2
0.000019 26
0.000020 2
0.000498 72
36.398784 1
0.122917 1
0.115213 1
0.127126 1
3.172519 1
1.112675 1
0.544713 1
0.838770 1
0.366936 1
0.367213 1
1.845589 1
1.362930 1
1.563123 1
0.111734 1
0.388451 1
0.177740 1
0.116312 1
0.291718 1
0.598008 1
0.506223 1
0.767422 1
0.127116 1
0.872084 1
3.511769 1
0.161966 1
0.354039 1
1.494836 1
0.881961 1
0.198563 1
0.258475 1
0.274943 1
0.616694 1
4.444069 2
0.003964 5
0.000942 36
0.000115 2
0.000118 55
0.000084 2
0.000716 72
118.516771 50
3.344886 1
0.204347 1
0.208508 1
0.291276 1
1.037263 3
0.235068 3
0.230928 3
0.320270 3
0.428638 1
6.032666 1
0.955216 1
0.396237 1
0.693953 4
0.188993 4
9.127017 25
1.994604 1
1.031925 1
0.141786 1
0.205922 1
0.338871 1
0.195606 1
0.171785 1
0.605509 1
0.355308 1
0.079941 1
0.134172 1
0.159864 1
2.306991 1
0.093024 1
10.619712 4
0.172405 4
0.205714 1
0.443226 1
1.000190 1
5.032341 25
2.851596 1
1.477368 1
0.374769 1
0.168036 1
0.277060 1
0.536054 1
1.670296 1
3.192476 25
9.373599 1
1.063986 1
0.225769 1
0.676086 1
0.446054 1
0.181120 1
0.221249 1
0.423448 1
0.253033 1
0.106757 1
0.111953 1
0.801724 2
0.005367 5
0.000121 38
0.000081 2
0.001140 39
0.000083 2
0.000079 5
0.000066 43
0.000067 2
0.000083 32
0.000020 2
0.000045 36
0.000020 2
0.015054 21
0.000458 23
0.000193 2
0.002282 72
60.539841 1
0.696738 1
0.205419 1
0.224582 1
0.591207 1
1.331127 1
3.561031 1
0.377046 1
0.239477 10
3.536804 2
0.009539 72
6.873425 1
1.451129 1
0.398578 1
0.485509 1
1.501809 1
0.373352 1
1.298690 1
0.785501 1
1.632968 1
0.227339 1
0.120302 1
0.433660 1
0.296739 1
0.800532 1
0.125273 1
0.570616 1
0.476892 1
0.242707 1
0.286170 1
0.408942 1
0.318474 1
0.400837 1
1.036186 1
2.205524 1
4.163711 1
3.273538 1
0.926370 8
0.214259 4
0.607244 4
0.252528 4
0.216935 4
0.193893 4
0.218015 4
0.209815 4
0.193414 4
0.196939 4
0.197698 4
3.785975 1
0.269339 1
0.375656 1
0.437392 1
1.154102 1
0.282551 1
0.628407 1
0.157100 1
0.497593 1
1.845090 1
0.277085 1
0.153235 1
0.513936 1
0.936954 1
0.273928 1
1.059664 4
0.172631 4
0.173576 4
0.696254 1
0.125034 1
0.094958 1
2.297944 1
5.943501 1
0.500002 1
0.033544 1
0.033652 1
0.032260 1
0.036411 1
0.023529 1
0.031205 1
0.030133 1
0.030882 1
0.030245 1
0.030937 1
0.033447 1
0.028330 1
0.029695 1
0.030705 1
0.033010 1
0.515831 3
0.270189 3
3.205408 5
0.499399 5
0.034083 5
0.028983 5
0.039335 5
0.021091 5
0.031372 5
0.030896 5
0.030974 5
0.030722 5
0.029443 5
0.031611 5
0.030597 5
0.031545 5
0.192782 5
0.205847 5
0.180233 5
0.193162 5
0.203969 5
0.705779 3
0.502660 3
0.029982 3
0.032201 3
0.031266 3
0.028265 3
0.031166 3
0.029965 3
0.030721 3
0.030714 3
0.033204 3
0.034106 3
0.028214 3
0.029492 3
0.034828 3
0.027183 1
0.052556 1
0.017553 1
0.033622 1
0.028790 1
0.031800 1
0.030888 1
5.139014 1
0.227205 1
0.439498 1
8.753723 1
0.228423 1
0.106851 1
0.342166 1
0.262020 1
1.028379 1
0.127751 1
0.428453 1
0.521748 1
0.287064 1
0.656300 1
0.703205 1
0.684342 1
0.405333 1
0.313019 1
1.347976 1
6.062253 1
0.424843 1
0.234147 1
0.174386 1
1.119164 4
0.187099 4
0.168876 4
0.165438 4
0.944378 1
0.753941 1
0.468043 1
0.239952 1
0.646667 4
0.507745 1
0.184577 1
0.764180 1
0.461834 1
0.233350 1
4.193084 2
0.106438 1
0.000166 31
1.419126 2
0.129192 79
0.003025 79
0.000111 2
0.003291 72
7.095821 1
0.130490 1
0.416301 1
0.389727 1
6.233414 8
