0.063691 72
3.615186 1
0.184791 1
0.660694 1
0.169986 1
0.218406 1
0.853363 1
5.376625 12
1.684208 2
0.009117 72
57.847274 1
0.198506 1
0.102069 1
5.932822 1
0.488461 1
1.034911 1
0.151870 4
1.303072 11
0.203969 1
3.927005 1
0.171741 1
0.300033 1
0.470523 1
0.000483 1
0.665543 4
0.185678 4
0.197675 4
0.152363 4
2.293842 1
0.212146 1
0.187796 1
0.232063 8
2.095174 1
0.363122 1
1.159874 1
0.092828 4
0.140077 11
2.218344 4
0.498739 4
0.033727 4
0.030386 4
0.034520 4
0.027974 4
0.038518 4
0.023240 4
0.605589 8
1.398665 1
0.209211 12
2.422351 2
0.003646 72
44.978294 1
0.168353 1
0.317743 1
0.780514 1
2.592337 4
0.500471 4
0.030690 4
0.033991 1
0.031130 1
0.026622 1
0.030717 1
0.033139 1
0.032605 1
0.029335 1
0.031402 1
0.034138 1
0.328672 1
0.080278 1
1.106697 1
0.842888 1
0.266002 12
0.536949 2
0.000446 98
1.770375 1
0.198646 1
0.122546 1
0.200470 11
1.235373 11
0.958754 1
0.096833 1
0.211962 1
0.191052 1
0.191801 1
2.191810 5
0.870819 2
0.004706 98
2.055935 1
0.136684 1
0.134607 27
0.000400 98
37.683835 71
3.219414 1
0.499224 1
0.032899 1
0.030176 1
0.036872 1
0.028169 1
0.041088 1
0.019010 1
0.028769 1
0.031255 1
0.031632 1
0.031049 1
0.030694 1
0.032131 1
0.029411 1
0.033570 1
0.027919 1
0.247708 1
0.181281 1
0.256359 1
0.194692 1
0.467772 1
0.214508 1
0.193281 1
0.643132 3
0.216089 3
0.253566 1
0.500616 1
0.034062 1
0.030703 1
0.030764 237
0.035451 1
0.028146 1
0.035457 1
0.029634 1
0.034638 1
0.027298 1
0.288857 3
0.193647 3
0.198392 3
0.176294 3
0.183402 3
0.188508 3
0.391653 3
0.734945 501
0.230026 262
1.428860 261
0.483050 28
0.713568 3
0.235838 3
0.247473 3
0.317816 3
0.803479 37
0.142611 36
0.804621 37
1.195581 36
0.821076 3
0.496757 3
0.031683 3
0.036019 3
0.030863 3
0.034729 3
0.023146 3
0.350044 3
70.560087 2
0.110250 1
0.000229 31
2.941241 2
0.129282 29
0.000219 2
0.000189 101
0.000108 2
0.107447 2
0.000213 48
0.000101 2
0.000142 32
0.000100 2
0.000133 113
0.000108 2
0.000809 98
89.675154 1
0.168926 1
0.443548 4
0.163832 4
0.342213 1
0.348604 1
0.090816 1
0.278481 1
0.000193 6
1.964515 1
0.636156 1
0.998542 1
0.090264 1
0.098013 1
1.823647 2
0.003984 39
0.001426 69
0.000232 25
0.000286 1185
1.791582 2
0.179269 2
0.185454 2
0.174764 2
0.160529 2
0.165182 2
0.175188 2
0.169944 2
0.189263 2
0.179292 2
0.191940 2
0.167605 2
0.177192 2
0.172132 2
0.180833 2
0.169126 2
0.353734 1
0.505464 4
0.499981 1
0.032713 1
0.032221 1
0.033147 1
0.032888 1
3.548987 1
1.022161 1
0.333473 1
0.222563 1
1.267211 1
2.564665 1
1.103652 29
3.071732 1
10.717555 92
8.463365 1
5.927814 1
0.156257 29
3.280669 1
0.860646 13
113.148612 14
1.813168 1
1.054332 1
0.685978 1
1.959812 1
0.559815 1
0.642123 1
1.725563 13
1.197383 1
0.954322 29
0.204889 29
3.524102 1
2.176987 38
2.571741 1
0.116087 1
0.849988 27
0.000728 33
0.001336 2
0.000064 2
0.000040 15
0.000049 29
0.001580 98
21.189521 13
0.497602 84
0.759235 1
0.501174 1
0.031973 1
0.033908 1
0.030453 1
0.038279 1
0.020434 1
0.030369 1
0.030621 1
0.031133 1
0.030946 1
0.032202 1
0.031211 1
0.028487 1
0.031733 1
0.032765 1
0.033406 1
0.030351 1
0.032735 1
0.031254 1
0.034097 1
0.030013 1
0.036239 1
0.027026 1
0.029043 1
0.031025 1
0.030937 237
0.031156 1
0.030633 1
0.031960 1
0.030584 1
0.029971 1
0.029768 1
0.034768 1
0.029658 1
0.035994 1
0.021182 1
0.030491 1
0.031002 1
0.031398 1
0.029537 1
0.032688 1
0.028885 1
0.031314 1
0.032119 1
0.030473 1
0.030750 1
0.030212 1
0.030275 1
0.032024 1
0.028928 1
0.029238 1
0.031503 1
0.034487 1
0.030447 1
0.035150 1
0.026467 1
0.028713 1
0.033763 1
0.058639 1
0.032830 1
61.357234 5
0.118743 1
0.000326 31
2.163694 2
0.178897 29
0.000038 2
0.000105 101
0.000030 2
0.107145 2
0.000292 48
0.000095 2
0.000095 32
0.000092 2
0.000150 113
0.000108 2
0.000858 98
18.916759 1
0.120074 1
0.427295 1
0.197078 1
0.493245 8
