0.086521 63
168.369923 1
0.291418 1
0.560733 1
0.256156 1
0.217986 1
0.875161 1
2.543659 15
1.362840 4
0.503443 4
0.030837 4
0.032980 4
0.032025 4
0.170700 4
0.182704 4
0.162181 4
0.150297 4
0.162915 4
0.165846 4
0.158760 4
0.168602 4
0.164726 4
0.153793 4
1.104136 1
0.625021 1
0.205028 1
0.277139 1
0.286816 1
1.435619 1
0.869110 1
0.482234 4
0.405216 1
0.117366 1
0.190861 1
0.135560 1
1.638818 1
0.361687 1
3.488222 1
0.139624 1
0.153637 1
0.156623 1
0.152534 1
0.155450 1
0.156581 1
0.173756 1
0.715048 3
0.181726 19
0.155587 15
3.669907 2
0.003801 63
645.466236 1
0.184577 1
0.239784 2
0.002562 93
0.000102 2
0.000078 100
0.000065 2
0.000076 88
0.000082 2
0.000086 88
0.000065 2
0.000077 76
0.000063 2
0.000075 74
0.000125 2
0.000499 63
3.558828 1
0.102022 1
0.844006 1
3.487750 1
0.401879 1
0.156013 11
0.598018 91
0.928670 1
0.251028 1
0.175942 2
0.003305 89
189.153943 1
0.178760 1
0.603330 2
0.005142 89
9.599283 1
0.061180 1
0.208068 65
0.928318 1
0.175874 1
0.509993 2
0.002402 93
0.000166 2
0.000071 100
0.000055 2
0.000063 88
0.000053 2
0.000061 88
0.000053 2
0.000062 76
0.000051 2
0.000061 74
0.000052 2
0.000431 63
36.218617 2
0.372891 4
0.951002 4
0.247098 4
0.158569 1
37.490382 1
0.084706 1
0.268030 1
0.199761 1
1.853734 1
0.154709 12
0.739077 91
0.907293 1
0.126259 1
0.219429 2
0.001793 10
0.000075 2
0.000376 89
33.412247 1
0.218735 1
0.340083 2
0.003278 23
0.000145 2
0.000730 89
4.443922 1
0.197920 1
0.565861 1
0.260938 1
0.443003 8
