0.050988 72
26.014576 1
0.236298 1
0.138637 1
0.453055 1
0.338288 4072
2.040678 1
0.366002 1
0.228767 235
0.000484 72
1.671952 1
0.346616 1
0.132548 2
0.000493 72
11.719455 1
0.156504 1
0.144797 1
0.670108 1
0.183945 1
0.836151 1
0.266015 1
0.268269 1
0.183040 1
0.426363 128
5.736813 9
0.585914 4
0.147546 4
0.213982 4
0.178399 4
0.169413 4
0.170903 4
2.647500 1
0.249031 92
3.737070 1
0.175666 1
0.596829 1
0.071352 1
1.592526 1
0.208882 1
0.648050 1
0.117870 1
0.075323 1
0.541516 1
0.080689 1
1.054105 2
0.359998 2
0.000304 40
0.000313 2
0.000261 2
0.000483 52
0.000242 2
0.000270 45
0.000247 2
0.000535 2
0.000322 32
0.000306 2
0.001912 2
0.031568 72
0.517897 11
1.301483 1
0.196744 1
0.165984 1
0.167777 1
0.174793 1
0.173012 1
0.162750 1
0.284084 5
0.500442 5
0.529311 2
0.008290 72
0.831922 1
2.187495 1
0.370553 1
0.299078 2
0.000866 4
0.000374 15
0.000376 2
0.000328 37
0.000229 2
0.001032 72
1.142316 1
0.212716 1
0.826758 4
0.197916 4
0.129725 1
0.486421 1
0.083138 1
0.157074 2
0.000411 130
0.000218 2
0.000214 136
0.000358 2
0.001011 72
1.456370 1
0.522436 1
0.493519 1
0.200759 1
0.139863 1
1.211123 1
0.920966 1
0.103472 1
0.155696 1
0.186665 3
0.717405 2
0.012326 72
2.242591 1
0.391903 1
0.171880 1
0.491238 1
0.198507 1
0.343951 1
0.153968 1
1.061235 1821
8.189658 1
0.321457 1
0.168032 1
0.336564 1
1.061781 8
