0.040959 63
3.614035 1
0.111512 1
0.176931 1
0.283250 2
0.003507 16
0.000318 6
0.000458 2
0.000215 16
0.000468 6
0.000209 2
0.000335 16
0.000328 15
0.000405 2
0.000219 16
0.000495 6
0.000303 2
0.000288 16
0.000689 6
0.000195 2
0.000350 16
0.000318 6
0.000033 2
0.000157 16
0.000047 6
0.000187 2
0.000054 16
0.000044 6
0.000043 2
0.001088 63
1.649146 1
0.061229 1
0.208937 1
0.097732 1
0.317208 2
0.002041 31
0.000848 2
0.002843 63
0.769128 1
0.170979 1
0.807798 1
0.766978 2
0.002674 43
0.000371 2
0.000693 38
0.000250 2
0.000953 54
0.000440 2
0.000570 56
0.000247 2
0.000429 56
0.000536 2
0.001976 63
2.281119 1
0.110785 1
0.473565 1
0.640786 1
0.244090 1
0.388742 1
0.553145 2
0.002163 2
0.000338 2
0.001162 63
13.601187 1
0.264173 1
0.188407 1
0.742578 1
0.798530 4
0.164953 4
0.166263 4
0.178400 4
0.744457 1
0.125782 1
0.736005 1
0.617787 1
0.257284 1
0.788002 1
0.177055 1
0.174701 1
1.570805 1
1.132319 4
0.347727 1
1.895870 1
0.174945 1
0.930265 1
0.293249 1
0.969517 1
0.675290 4
0.293648 1
0.781756 1
0.137498 1
0.081345 1
2.782577 2
0.005667 7
0.000267 2
0.000263 9
0.000173 2
0.000216 9
0.000204 2
0.000299 7
0.000200 2
0.000492 5
0.000330 2
0.000367 5
0.000584 2
0.000426 8
0.000499 2
0.000060 6
0.000130 2
0.000037 16
0.000033 2
0.000034 9
0.000039 2
0.000045 20
0.000035 2
0.000043 6
0.000543 2
0.001527 63
2.966248 1
0.107669 1
0.211906 1
3.398386 4
0.175667 1
0.600856 4
0.611863 1
0.250106 1
2.843547 1
0.266406 1
0.232967 1
1.423004 4
0.162682 4
0.804952 1
0.427998 1
0.194813 1
0.423136 1
0.392805 1
0.103510 1
0.125948 1
3.473328 2
0.000776 28
0.000197 2
0.001499 63
1.338672 12
0.270262 1
0.170205 1
0.442691 1
0.024010 1
0.024396 1
0.023841 1
0.024115 1
0.023417 1
0.182634 1
0.481541 23
0.911577 2
0.006650 8
0.000250 32
0.006446 67
0.001206 25
0.000623 2040
0.000735 266
5.154637 4
0.245982 1
0.200081 1
0.182329 1
0.179135 1
0.183798 1
0.195805 1
0.543034 6
0.335677 6
0.182415 6
0.201085 6
0.136467 6
0.245217 6
0.220138 6
0.207192 6
0.234742 7
0.211410 7
0.221832 7
10.472337 29
12.607747 1
1.541076 38
5.078138 1
1.668171 1
0.132245 1
2.934596 29
0.086160 1
4.225702 1
0.000376 51
0.000194 8
0.000346 13
19.006730 1
3.555785 1
0.272494 1
0.305177 1
0.517851 4
0.156541 1
0.166831 1
2.885425 29
1.347964 1
0.633908 1
0.369432 1
0.978005 1
1.126793 1
0.512035 37
3.197095 13
0.249564 13
0.841535 13
0.188803 13
0.990751 107
1.972019 62
0.760200 62
0.736412 62
2.585540 9
1.546686 1
9.469061 1
2.755793 1
3.413750 2
0.402836 2
0.203513 2
0.470124 2
0.581507 7
0.768728 29
0.343577 1
0.430907 7
0.344678 29
0.327892 7
0.297062 29
0.257237 7
0.277352 29
0.487234 7
1.032024 1
0.331786 1
0.188511 1
0.203244 1
6.161707 92
10.049389 38
2.005490 1
0.355578 1
0.627072 182
6.800627 66
8.254881 1
0.379673 1
0.188974 1
1.388635 1
0.202979 1
0.179604 1
0.175382 1
0.375304 1
0.171928 1
0.175792 1
0.171934 1
1.515014 52
2.676288 8
6.399486 1
1.021733 28
1.547884 1
2.441490 29
0.386904 1
0.171318 1
0.323447 29
0.178059 1
0.514577 25
0.003319 33
0.001118 2
0.000222 2
0.000028 15
0.000030 23
0.000929 63
14.526266 1
0.322133 1
0.240325 1
0.575815 1
0.718189 1
0.173955 1
0.270380 1
0.175745 1
0.212158 2
0.003030 25
0.000272 2
0.000382 37
0.000172 2
0.000901 63
6.168376 1
0.102685 1
1.105099 1
0.168816 1
0.713396 1
0.245312 1
0.572540 1
0.170666 1
0.226818 2
0.001377 33
0.000320 2
0.001101 63
3.435066 8
0.394579 4
0.180018 4
0.165714 4
0.383800 4
0.156617 4
0.159927 4
0.164018 1
0.589872 1
0.164195 1
0.488483 1
0.182919 1
0.322745 1
0.178674 1
0.284776 2
0.002747 38
0.000239 2
0.000153 41
0.000302 2
0.000229 44
0.000323 2
0.000314 56
0.000643 2
0.000334 2
0.000781 72
0.000207 2
0.000329 57
0.000689 2
0.000204 76
0.000392 2
0.000200 78
0.000028 2
0.000026 76
0.000079 2
0.000041 76
0.000040 2
0.000035 72
0.000049 2
0.000097 72
0.000044 2
0.000101 77
0.000034 2
0.000035 76
0.000033 2
0.000035 79
0.000034 2
0.000035 41
0.000032 2
0.000033 75
0.000263 2
0.000083 65
0.000030 2
0.000025 69
0.000028 2
0.000175 75
0.000391 2
0.000033 54
0.000027 2
0.000027 68
0.000028 2
0.000041 75
0.000027 2
0.000027 74
0.000132 2
0.000032 72
0.000026 2
0.000030 78
0.000028 2
0.000030 36
0.000606 2
0.000144 70
0.000044 2
0.000446 72
0.000049 2
0.000054 59
0.000039 2
0.000039 66
0.000037 2
0.000036 75
0.000035 2
0.000031 78
0.000033 2
0.000052 74
0.000037 2
0.000037 76
0.000037 2
0.000037 41
0.000048 2
0.000066 69
0.000039 2
0.000036 63
0.003079 1897
0.000212 50
0.000314 72
0.000784 2
0.000088 72
0.000034 2
0.000034 13
0.000040 2
0.000087 2
0.000069 68
0.000268 68
0.000045 2
0.000049 58
0.001126 65
27.632736 1
0.129489 1
0.233648 2
0.002290 163
0.000232 2
0.000293 115
0.000193 2
0.000901 63
13.057752 1
0.158099 1
0.948165 1
0.132320 1
0.173010 1
4.695230 1
0.811025 1
0.155834 1
0.233952 1
0.136729 1
0.128406 1
0.208228 1
0.167257 1
0.195267 1
0.643856 2
0.003155 63
1.498312 1
0.110412 1
0.182327 2
0.002186 139
0.000399 2
0.000302 145
0.000545 2
0.001501 63
6.726173 1
0.175402 1
0.174798 1
26.667213 1
0.166587 1
0.343437 1
0.169781 1
0.764903 4
0.170513 4
0.136858 4
0.567830 1
0.364477 4
0.239036 1
0.527287 1
1.427082 4
0.840057 1
0.246043 1
0.239299 1
0.845938 1
0.154622 1
0.142890 1
3.107759 1
2.333181 1
0.133403 1
0.371986 1
0.204109 1
0.129746 1
0.211423 1
0.184228 1
0.227051 1
1.061703 1
2.422153 2
0.002688 63
2.409133 1
0.048508 1
0.178797 1
0.335496 1
0.295171 8
0.566379 83
0.909073 1
0.072176 1
0.196991 2
0.003667 8
0.000308 2
0.001071 81
6.290005 1
0.193020 1
0.557194 1
0.216181 1
0.457714 1
0.777182 1
3.056542 1
1.067169 1
0.117112 8
1.605575 2
0.001951 81
1.345048 1
0.055300 1
0.184306 2
0.002862 81
1.723017 1
0.169760 1
0.320470 1
0.237022 1
0.276018 8
